164.08,0.0168
161.06,0.0003
153.65,0.0047
152.70,0.0014
143.91,0.0035
138.70,0.0145
137.42,0.0034
135.51,0.0048
135.14,0.0210
132.59,0.0204
131.88,0.0327
129.72,0.0227
129.60,0.0059
128.16,0.0117
125.44,0.0375
124.75,0.1162
124.35,0.0003
123.16,0.1014
122.44,0.0737
120.90,0.0597
119.89,0.1429
119.53,0.0036
118.86,0.0561
118.03,0.0239
117.74,0.0566
116.92,0.0245
115.71,0.1663
115.28,0.0591
115.03,0.0246
114.56,0.0532
114.55,0.0314
113.52,0.0250
113.38,0.0180
113.26,0.0153
112.36,0.0115
112.24,0.0521
112.00,0.0562
110.94,0.0647
110.76,0.1461
110.38,0.1045
110.04,0.0376
109.52,0.0954
109.02,0.0221
108.80,0.0487
108.34,0.0084
107.92,0.0041
107.65,0.0202
107.46,0.0206
106.82,0.0382
106.47,0.0214
106.39,0.0245
106.31,0.0339
105.98,0.0464
105.85,0.0480
105.32,0.0116
105.12,0.0427
104.81,0.0105
104.57,0.0281
104.42,0.0187
104.14,0.0395
103.87,0.0149
103.71,0.0917
103.37,0.0175
103.29,0.0232
103.03,0.0352
102.84,0.0432
102.69,0.0032
102.50,0.0241
102.16,0.0301
102.01,0.0204
101.83,0.0588
101.61,0.1712
101.49,0.0517
101.14,0.0136
100.90,0.0925
100.65,0.0380
100.27,0.0974
100.15,0.0517
99.82,0.0390
99.28,0.0456
99.09,0.0108
98.95,0.0458
98.85,0.0164
98.67,0.0851
98.47,0.0124
98.41,0.0111
98.12,0.0362
97.88,0.0196
97.65,0.0110
97.45,0.0364
97.18,0.0048
97.04,0.0355
96.86,0.0666
96.69,0.0028
96.62,0.0159
96.32,0.0184
96.13,0.0316
96.04,0.0111
95.83,0.1070
95.68,0.0058
95.33,0.0042
95.26,0.0059
95.05,0.0028
94.89,0.0422
94.85,0.0125
94.74,0.0112
94.50,0.0207
94.45,0.0132
94.30,0.0442
94.16,0.0225
93.91,0.0136
93.84,0.0096
93.72,0.0427
93.57,0.0123
93.44,0.0081
93.27,0.0071
92.92,0.0066
92.87,0.0110
92.71,0.0106
92.56,0.0209
92.29,0.0309
92.12,0.0127
91.73,0.0256
91.71,0.0294
91.47,0.0030
91.33,0.0139
90.99,0.0085
90.93,0.0087
90.87,0.0368
90.75,0.0160
90.73,0.0272
90.58,0.0128
90.48,0.0111
90.42,0.0355
90.28,0.0317
90.20,0.0130
90.04,0.0214
89.93,0.0064
89.67,0.0013
89.59,0.0063
89.49,0.0126
89.44,0.0576
89.34,0.0147
89.18,0.0053
89.02,0.0085
88.92,0.0212
88.70,0.0130
88.63,0.0174
88.48,0.0069
88.35,0.0366
88.06,0.0010
87.99,0.0063
87.61,0.0137
87.56,0.0275
87.47,0.0171
87.26,0.0397
87.21,0.0289
86.96,0.0178
86.90,0.0398
86.85,0.0348
86.74,0.0114
86.67,0.0156
86.52,0.0191
86.33,0.0367
86.30,0.0005
86.09,0.0401
86.05,0.0095
85.85,0.0066
85.79,0.0514
85.57,0.0294
85.41,0.0109
85.37,0.0449
85.30,0.0117
85.23,0.0074
85.00,0.0061
84.96,0.0437
84.81,0.0076
84.74,0.0596
84.66,0.0363
84.51,0.0176
84.45,0.0338
84.22,0.0550
84.18,0.0125
84.02,0.0063
83.91,0.0515
83.83,0.0207
83.75,0.0007
83.65,0.0308
83.63,0.0216
83.57,0.0121
83.39,0.0312
83.35,0.0085
83.20,0.0048
83.06,0.0494
83.05,0.0318
82.93,0.0459
82.80,0.0231
82.53,0.0254
82.44,0.0138
82.37,0.0352
82.26,0.0280
82.19,0.0379
82.10,0.0544
82.03,0.0031
81.89,0.0069
81.77,0.0201
81.73,0.0154
81.56,0.0234
81.42,0.0095
81.30,0.0026
81.22,0.0607
81.16,0.0703
81.00,0.0271
80.86,0.0937
80.82,0.0439
80.74,0.0178
80.67,0.0102
80.58,0.0295
80.53,0.0185
80.40,0.0078
80.23,0.0982
80.19,0.0317
80.03,0.0084
79.86,0.0552
79.78,0.0498
79.70,0.0299
79.59,0.0546
79.53,0.0426
79.50,0.0200
79.47,0.0405
79.32,0.0064
79.17,0.0194
79.04,0.0142
79.01,0.0332
78.87,0.0109
78.86,0.0024
78.78,0.0102
78.67,0.0392
78.55,0.0411
78.43,0.0633
78.34,0.0241
78.24,0.0362
78.14,0.0187
78.07,0.0484
78.02,0.0192
77.97,0.0260
77.82,0.0174
77.78,0.0232
77.64,0.0452
77.53,0.0126
77.49,0.0132
77.47,0.0233
77.38,0.0112
77.29,0.0278
77.22,0.0480
77.12,0.0435
76.92,0.0433
76.79,0.0874
76.69,0.0468
76.63,0.0461
76.62,0.0404
76.56,0.0442
76.44,0.0233
76.39,0.0175
76.28,0.0839
76.13,0.0265
76.05,0.0400
75.91,0.0479
75.84,0.0081
75.73,0.0489
75.66,0.0095
75.57,0.0330
75.54,0.0010
75.48,0.0159
75.34,0.0195
75.27,0.0006
75.18,0.0266
75.13,0.0061
75.00,0.0223
74.85,0.0450
74.81,0.0107
74.67,0.0101
74.63,0.0447
74.55,0.0629
74.50,0.0039
74.26,0.0392
74.24,0.0320
74.20,0.0136
74.08,0.0471
73.99,0.1622
73.91,0.0661
73.87,0.0110
73.82,0.0397
73.77,0.0247
73.67,0.0306
73.65,0.0091
73.54,0.0671
73.51,0.0015
73.45,0.0820
73.32,0.0383
73.14,0.0656
73.11,0.0250
73.02,0.0065
72.96,0.0796
72.87,0.0308
72.84,0.0126
72.72,0.0316
72.63,0.0347
72.55,0.0342
72.50,0.0194
72.49,0.0148
72.41,0.0466
72.36,0.0433
72.29,0.0023
72.23,0.0103
72.19,0.0414
72.06,0.1177
71.99,0.0587
71.94,0.0225
71.82,0.0964
71.80,0.0107
71.72,0.0524
71.60,0.0092
71.46,0.0388
71.44,0.0135
71.33,0.0349
71.29,0.0554
71.11,0.0187
71.09,0.0440
71.07,0.0444
71.05,0.0084
70.98,0.0280
70.87,0.0595
70.82,0.0207
70.75,0.0053
70.72,0.1294
70.68,0.0177
70.61,0.0168
70.57,0.0887
70.51,0.0212
70.44,0.0064
70.41,0.0321
70.40,0.0130
70.34,0.0465
70.19,0.0368
70.13,0.0397
70.11,0.0269
70.07,0.0130
69.98,0.0004
69.95,0.0209
69.92,0.0328
69.88,0.0171
69.77,0.0160
69.71,0.0236
69.66,0.0102
69.61,0.0127
69.53,0.0336
69.48,0.0299
69.45,0.0746
69.38,0.0501
69.35,0.0467
69.26,0.0821
69.22,0.0491
69.09,0.0586
69.05,0.0512
68.95,0.0334
68.92,0.0786
68.88,0.0208
68.83,0.0231
68.81,0.0893
68.77,0.0310
68.75,0.0067
68.67,0.0156
68.59,0.0386
68.55,0.0016
68.50,0.0103
68.44,0.0095
68.35,0.0189
68.29,0.0609
68.24,0.0232
68.21,0.0426
68.11,0.0190
68.08,0.0268
68.06,0.0251
68.02,0.0068
67.91,0.0308
67.83,0.0059
67.71,0.0096
67.66,0.0272
67.63,0.0135
67.60,0.0047
67.53,0.0380
67.43,0.0242
67.42,0.0383
67.33,0.0146
67.30,0.0738
67.24,0.0088
67.16,0.0274
67.08,0.0147
67.06,0.0252
67.00,0.0070
66.99,0.0402
66.93,0.0129
66.87,0.0355
66.85,0.0087
66.81,0.0231
66.71,0.0324
66.69,0.0380
66.61,0.0596
66.57,0.0060
66.56,0.0087
66.50,0.0122
66.49,0.0142
66.47,0.0179
66.40,0.0028
66.37,0.0196
66.28,0.0426
66.17,0.0084
66.13,0.0232
66.09,0.0020
66.02,0.0238
66.01,0.0058
65.94,0.0274
65.89,0.0265
65.76,0.0152
65.74,0.0404
65.73,0.0053
65.66,0.0189
65.59,0.0162
65.56,0.0086
65.42,0.0319
65.37,0.0213
65.33,0.0223
65.30,0.0081
65.26,0.0433
65.18,0.0105
65.15,0.0160
65.11,0.0057
65.08,0.0109
65.01,0.0137
64.93,0.0073
64.90,0.0032
64.86,0.0072
64.85,0.0154
64.81,0.0199
64.77,0.0038
64.68,0.0146
64.62,0.0182
64.61,0.0346
64.56,0.0005
64.53,0.0181
64.45,0.0090
64.38,0.0440
64.32,0.0247
64.28,0.0301
64.23,0.0479
64.17,0.0073
64.10,0.0099
64.07,0.0331
64.04,0.0270
64.00,0.0042
63.98,0.0231
63.95,0.0186
63.90,0.0106
63.83,0.0040
63.82,0.0218
63.77,0.0069
63.74,0.0289
63.66,0.0023
63.63,0.0072
63.55,0.0307
63.54,0.0291
63.51,0.0006
63.49,0.0165
63.42,0.0373
63.39,0.0099
63.38,0.0069
63.31,0.0085
63.22,0.0157
63.17,0.0197
63.14,0.0022
63.11,0.0172
63.09,0.0419
63.00,0.0290
62.95,0.0080
62.94,0.0047
62.89,0.0104
62.84,0.0039
62.82,0.0074
62.74,0.0279
62.68,0.0200
62.64,0.0052
62.62,0.0047
62.57,0.0309
62.51,0.0068
62.48,0.0046
62.47,0.0101
62.40,0.0147
62.37,0.0094
62.30,0.0042
62.26,0.0060
62.25,0.0005
62.19,0.0209
62.18,0.0104
62.15,0.0600
62.08,0.0082
62.06,0.0413
62.04,0.0082
61.95,0.0623
61.93,0.0160
61.83,0.1029
61.79,0.0084
61.77,0.0380
61.71,0.0326
61.69,0.0102
61.67,0.0097
61.61,0.0061
61.57,0.0221
61.52,0.0130
61.51,0.0018
61.46,0.0121
61.42,0.0028
61.37,0.0307
61.33,0.0271
61.28,0.0186
61.24,0.0109
61.23,0.0073
61.17,0.0085
61.13,0.0711
61.07,0.0183
61.05,0.0108
61.02,0.0021
60.97,0.0061
60.95,0.0143
60.89,0.0132
60.80,0.0013
60.78,0.0178
60.76,0.0084
60.72,0.0041
60.68,0.0028
60.62,0.0287
60.59,0.0110
60.58,0.0036
60.53,0.0324
60.51,0.0031
60.47,0.0165
60.43,0.0013
60.39,0.0186
60.38,0.0229
60.34,0.0171
60.30,0.0056
60.28,0.0132
60.26,0.0094
60.20,0.0123
60.15,0.0343
60.11,0.0197
60.10,0.0269
60.05,0.0121
60.04,0.0642
59.99,0.0045
59.90,0.0466
59.89,0.0235
59.87,0.0082
59.85,0.0165
59.77,0.0357
59.74,0.0612
59.69,0.0179
59.67,0.0235
59.66,0.0054
59.60,0.0253
59.55,0.0149
59.53,0.0188
59.49,0.0097
59.47,0.0243
59.44,0.0128
59.43,0.0232
59.41,0.0026
59.36,0.0158
59.33,0.0255
59.30,0.0167
59.28,0.0119
59.23,0.0094
59.16,0.0197
59.13,0.0168
59.10,0.0028
59.08,0.0099
59.01,0.0030
58.99,0.0005
58.93,0.0161
58.92,0.0216
58.86,0.0107
58.84,0.0211
58.82,0.0024
58.79,0.0174
58.75,0.0009
58.69,0.0288
58.68,0.0006
58.63,0.0159
58.61,0.0076
58.53,0.0262
58.52,0.0078
58.47,0.0014
58.43,0.0182
58.40,0.0051
58.37,0.0415
58.36,0.0178
58.30,0.0474
58.24,0.0266
58.24,0.0057
58.22,0.0378
58.17,0.0146
58.13,0.0045
58.12,0.0275
58.09,0.0022
58.04,0.0395
58.00,0.0339
57.95,0.0105
57.91,0.0117
57.90,0.0170
57.80,0.0254
57.78,0.0085
57.76,0.0019
57.73,0.0084
57.71,0.0050
57.68,0.0322
57.64,0.0130
57.61,0.0155
57.59,0.0070
57.56,0.0218
57.51,0.0073
57.49,0.0096
57.46,0.0236
57.44,0.0004
57.37,0.0116
57.35,0.0138
57.33,0.0018
57.31,0.0109
57.23,0.0061
57.21,0.0021
57.21,0.0460
57.17,0.0099
57.13,0.0246
57.09,0.0046
57.04,0.0156
57.01,0.0004
57.01,0.0060
56.97,0.0047
56.92,0.0091
56.88,0.0101
56.85,0.0067
56.82,0.0177
56.79,0.0040
56.73,0.0093
56.70,0.0100
56.68,0.0083
56.66,0.0285
56.64,0.0060
56.59,0.0071
56.52,0.0274
56.49,0.0037
56.46,0.0215
56.41,0.0080
56.40,0.0235
56.37,0.0053
56.34,0.0371
56.32,0.0119
56.29,0.0124
56.26,0.0056
56.22,0.0115
56.20,0.0180
56.18,0.0046
56.13,0.0157
56.10,0.0206
56.06,0.0101
56.04,0.0203
56.01,0.0179
55.99,0.0278
55.97,0.0282
55.95,0.0031
55.94,0.0117
55.90,0.0071
55.86,0.0014
55.82,0.0285
55.78,0.0159
55.75,0.0057
55.72,0.0305
55.68,0.0491
55.66,0.0144
55.64,0.0084
55.58,0.0150
55.57,0.0060
55.53,0.0008
55.48,0.0154
55.45,0.0136
55.43,0.0067
55.40,0.0165
55.37,0.0140
55.36,0.0344
55.34,0.0048
55.32,0.0092
55.29,0.0043
55.26,0.0124
55.21,0.0104
55.18,0.0165
55.14,0.0205
55.09,0.0174
55.07,0.0153
55.05,0.0116
55.02,0.0035
55.00,0.0129
54.94,0.0165
54.91,0.0171
54.90,0.0177
54.84,0.0096
54.80,0.0049
54.76,0.0075
54.75,0.0153
54.70,0.0225
54.68,0.0239
54.64,0.0146
54.62,0.0148
54.61,0.0074
54.59,0.0020
54.55,0.0038
54.53,0.0281
54.51,0.0406
54.50,0.0151
54.45,0.0052
54.42,0.0198
54.41,0.0021
54.38,0.0030
54.37,0.0071
54.32,0.0064
54.27,0.0076
54.26,0.0008
54.22,0.0106
54.19,0.0125
54.15,0.0055
54.13,0.0362
54.09,0.0176
54.07,0.0168
54.05,0.0065
54.02,0.0024
54.00,0.0170
54.00,0.0225
53.97,0.0327
53.94,0.0119
53.91,0.0208
53.87,0.0232
53.85,0.0099
53.84,0.0149
53.78,0.0066
53.74,0.0147
53.68,0.0007
53.67,0.0059
53.63,0.0083
53.62,0.0033
53.59,0.0064
53.58,0.0040
53.56,0.0083
53.53,0.0200
53.48,0.0098
53.46,0.0158
53.44,0.0274
53.42,0.0267
53.38,0.0391
53.34,0.0000
53.33,0.0031
53.31,0.0118
53.28,0.0114
53.25,0.0235
53.23,0.0075
53.20,0.0024
53.14,0.0231
53.13,0.0166
53.10,0.0078
53.07,0.0132
53.06,0.0026
53.05,0.0171
53.04,0.0198
53.00,0.0074
52.97,0.0091
52.94,0.0303
52.91,0.0151
52.89,0.0127
52.86,0.0127
52.83,0.0059
52.80,0.0076
52.78,0.0080
52.75,0.0028
52.70,0.0093
52.69,0.0149
52.67,0.0125
52.63,0.0110
52.59,0.0032
52.59,0.0201
52.55,0.0081
52.52,0.0179
52.48,0.0067
52.47,0.0159
52.46,0.0063
52.42,0.0029
52.37,0.0125
52.34,0.0201
52.31,0.0038
52.28,0.0036
52.23,0.0288
52.21,0.0029
52.20,0.0070
52.19,0.0195
52.16,0.0160
52.14,0.0019
52.10,0.0209
52.07,0.0065
52.05,0.0070
52.01,0.0161
52.00,0.0018
51.94,0.0015
51.94,0.0081
51.88,0.0109
51.87,0.0100
51.85,0.0059
51.81,0.0119
51.81,0.0071
51.78,0.0266
51.76,0.0036
51.73,0.0016
51.70,0.0103
51.68,0.0209
51.66,0.0087
51.62,0.0326
51.61,0.0131
51.57,0.0032
51.54,0.0167
51.52,0.0133
51.51,0.0167
51.46,0.0202
51.44,0.0084
51.42,0.0124
51.39,0.0161
51.35,0.0067
51.34,0.0158
51.32,0.0095
51.29,0.0038
51.27,0.0464
51.24,0.0408
51.22,0.0025
51.21,0.0053
51.17,0.0057
51.14,0.0198
51.11,0.0133
51.09,0.0027
51.08,0.0306
51.07,0.0303
51.02,0.0114
51.01,0.0231
50.99,0.0068
50.98,0.0030
50.92,0.0056
50.92,0.0114
50.88,0.0086
50.86,0.0266
50.84,0.0199
50.82,0.0131
50.81,0.0052
50.78,0.0158
50.75,0.0061
50.74,0.0530
50.72,0.0176
50.68,0.0112
50.66,0.0021
50.65,0.0149
50.64,0.0307
50.61,0.0237
50.58,0.0021
50.55,0.0106
50.51,0.0083
50.48,0.0249
50.47,0.0119
50.46,0.0207
50.43,0.0084
50.42,0.0210
50.39,0.0085
50.35,0.0040
50.32,0.0014
50.29,0.0030
50.28,0.0308
50.21,0.0055
50.18,0.0220
50.15,0.0137
50.14,0.0031
50.12,0.0195
50.09,0.0073
50.06,0.0083
50.03,0.0097
49.99,0.0015
49.97,0.0090
49.94,0.0211
49.90,0.0174
49.88,0.0184
49.86,0.0110
49.82,0.0013
49.77,0.0152
49.76,0.0019
49.74,0.0212
49.72,0.0109
49.68,0.0133
49.64,0.0043
49.62,0.0062
49.59,0.0019
49.56,0.0117
49.54,0.0019
49.51,0.0038
49.49,0.0103
49.47,0.0240
49.44,0.0178
49.41,0.0113
49.37,0.0104
49.35,0.0375
49.32,0.0145
49.31,0.0079
49.26,0.0399
49.24,0.0136
49.21,0.0190
49.19,0.0065
49.15,0.0049
49.14,0.0034
49.12,0.0030
49.11,0.0033
49.07,0.0287
49.06,0.0052
49.04,0.0219
49.02,0.0050
49.00,0.0043
48.97,0.0025
48.94,0.0169
48.90,0.0075
48.86,0.0072
48.84,0.0161
48.82,0.0017
48.79,0.0025
48.75,0.0048
48.74,0.0099
48.73,0.0030
48.70,0.0166
48.70,0.0003
48.69,0.0185
48.65,0.0764
48.63,0.0096
48.61,0.0107
48.58,0.0096
48.54,0.0046
48.53,0.0074
48.48,0.0026
48.47,0.0096
48.44,0.0616
48.43,0.0131
48.39,0.0083
48.38,0.0022
48.34,0.0066
48.33,0.0033
48.29,0.0041
48.28,0.0129
48.24,0.0046
48.22,0.0028
48.20,0.0175
48.18,0.0043
48.17,0.0327
48.13,0.0152
48.12,0.0116
48.09,0.0539
48.04,0.0031
48.02,0.0057
47.98,0.0130
47.96,0.0134
47.96,0.0070
47.93,0.0158
47.90,0.0085
47.87,0.0247
47.85,0.0104
47.81,0.0127
47.79,0.0036
47.78,0.0074
47.76,0.0168
47.73,0.0104
47.72,0.0187
47.70,0.0077
47.67,0.0040
47.66,0.0200
47.62,0.0037
47.61,0.0195
47.56,0.0067
47.54,0.0194
47.53,0.0252
47.49,0.0207
47.47,0.0417
47.45,0.0035
47.43,0.0179
47.41,0.0306
47.37,0.0164
47.37,0.0088
47.35,0.0028
47.34,0.0022
47.29,0.0008
47.27,0.0135
47.23,0.0036
47.22,0.0113
47.21,0.0037
47.19,0.0285
47.15,0.0059
47.11,0.0117
47.11,0.0204
47.07,0.0066
47.06,0.0015
47.06,0.0035
47.02,0.0028
47.01,0.0024
46.99,0.0055
46.96,0.0229
46.95,0.0029
46.91,0.0142
46.88,0.0031
46.87,0.0056
46.83,0.0327
46.82,0.0387
46.80,0.0120
46.79,0.0284
46.75,0.0078
46.74,0.0151
46.72,0.0087
46.70,0.0203
46.67,0.0119
46.66,0.0038
46.62,0.0022
46.61,0.0190
46.58,0.0027
46.56,0.0105
46.54,0.0232
46.54,0.0512
46.51,0.0051
46.49,0.0072
46.45,0.0163
46.42,0.0194
46.41,0.0083
46.40,0.0054
46.37,0.0308
46.35,0.0024
46.33,0.0129
46.31,0.0087
46.29,0.0036
46.27,0.0044
46.22,0.0113
46.21,0.0122
46.17,0.0060
46.16,0.0084
46.14,0.0023
46.13,0.0175
46.11,0.0212
46.09,0.0044
46.05,0.0013
46.02,0.0039
45.99,0.0081
45.98,0.0039
45.98,0.0210
45.95,0.0206
45.92,0.0036
45.90,0.0253
45.88,0.0065
45.84,0.0214
45.83,0.0288
45.77,0.0060
45.75,0.0146
45.75,0.0039
45.74,0.0179
45.71,0.0063
45.68,0.0360
45.66,0.0097
45.63,0.0163
45.62,0.0103
45.59,0.0160
45.58,0.0066
45.58,0.0137
45.54,0.0020
45.53,0.0040
45.50,0.0022
45.45,0.0187
45.45,0.0025
45.42,0.0274
45.39,0.0214
45.38,0.0090
45.36,0.0147
45.34,0.0083
45.33,0.0196
45.29,0.0022
45.28,0.0387
45.25,0.0028
45.23,0.0084
45.18,0.0046
45.17,0.0118
45.17,0.0479
45.10,0.0015
45.08,0.0158
45.05,0.0151
45.05,0.0026
45.02,0.0204
45.01,0.0192
44.99,0.0379
44.96,0.0032
44.95,0.0114
44.94,0.0284
44.91,0.0091
44.89,0.0028
44.89,0.0003
44.84,0.0430
44.83,0.0057
44.81,0.0220
44.80,0.0012
44.75,0.0080
44.73,0.0103
44.70,0.0258
44.68,0.0063
44.63,0.0014
44.62,0.0276
44.61,0.0239
44.60,0.0037
44.56,0.0169
44.54,0.0148
44.53,0.0053
44.53,0.0002
44.50,0.0080
44.47,0.0154
44.44,0.0136
44.41,0.0340
44.39,0.0129
44.37,0.0060
44.35,0.0109
44.33,0.0244
44.32,0.0183
44.30,0.0085
44.29,0.0131
44.27,0.0067
44.22,0.0159
44.20,0.0061
44.16,0.0112
44.14,0.0177
44.11,0.0074
44.09,0.0039
44.07,0.0354
44.03,0.0061
44.02,0.0032
44.00,0.0118
43.98,0.0111
43.94,0.0064
43.93,0.0067
43.93,0.0077
43.89,0.0105
43.87,0.0114
43.86,0.0070
43.83,0.0014
43.78,0.0134
43.77,0.0018
43.76,0.0054
43.74,0.0060
43.71,0.0070
43.70,0.0004
43.67,0.0117
43.65,0.0062
43.63,0.0013
43.61,0.0137
43.59,0.0110
43.58,0.0015
43.55,0.0026
43.52,0.0098
43.49,0.0205
43.48,0.0383
43.44,0.0368
43.41,0.0034
43.41,0.0034
43.38,0.0032
43.37,0.0057
43.36,0.0155
43.34,0.0050
43.31,0.0154
43.30,0.0219
43.28,0.0184
43.25,0.0131
43.21,0.0097
43.18,0.0120
43.17,0.0047
43.14,0.0018
43.11,0.0038
43.08,0.0100
43.07,0.0069
43.06,0.0087
43.01,0.0075
43.00,0.0004
42.97,0.0045
42.95,0.0038
42.93,0.0185
42.89,0.0114
42.86,0.0266
42.85,0.0201
42.83,0.0099
42.79,0.0054
42.75,0.0113
42.74,0.0103
42.73,0.0059
42.71,0.0121
42.69,0.0092
42.68,0.0260
42.65,0.0016
42.64,0.0053
42.62,0.0100
42.61,0.0020
42.59,0.0068
42.57,0.0078
42.56,0.0035
42.53,0.0162
42.50,0.0570
42.48,0.0093
42.46,0.0074
42.43,0.0185
42.42,0.0160
42.40,0.0115
42.39,0.0089
42.38,0.0041
42.37,0.0226
42.33,0.0007
42.32,0.0039
42.29,0.0005
42.26,0.0011
42.24,0.0038
42.24,0.0072
42.22,0.0100
42.20,0.0021
42.18,0.0039
42.16,0.0026
42.15,0.0225
42.10,0.0102
42.08,0.0112
42.06,0.0050
42.05,0.0134
42.03,0.0010
42.02,0.0064
42.00,0.0072
41.99,0.0245
41.98,0.0028
41.96,0.0025
41.95,0.0078
41.92,0.0263
41.92,0.0037
41.90,0.0469
41.89,0.0283
41.87,0.0055
41.84,0.0052
41.80,0.0103
41.77,0.0057
41.75,0.0147
41.74,0.0004
41.73,0.0033
41.70,0.0165
41.67,0.0076
41.66,0.0068
41.65,0.0045
41.63,0.0081
41.60,0.0103
41.59,0.0053
41.58,0.0082
41.55,0.0267
41.53,0.0009
41.50,0.0018
41.49,0.0038
41.46,0.0249
41.45,0.0079
41.42,0.0110
41.41,0.0046
41.40,0.0098
41.39,0.0034
41.35,0.0010
41.34,0.0148
41.32,0.0129
41.31,0.0055
41.29,0.0024
41.28,0.0070
41.26,0.0172
41.22,0.0188
41.21,0.0087
41.19,0.0026
41.17,0.0005
41.13,0.0267
41.11,0.0123
41.10,0.0038
41.07,0.0008
41.03,0.0015
41.02,0.0077
40.99,0.0039
40.98,0.0087
40.94,0.0002
40.89,0.0033
40.87,0.0079
40.84,0.0150
40.84,0.0190
40.81,0.0047
40.79,0.0124
40.78,0.0044
40.77,0.0291
40.76,0.0044
40.74,0.0093
40.71,0.0091
40.70,0.0035
40.68,0.0079
40.65,0.0139
40.64,0.0047
40.62,0.0021
40.61,0.0027
40.57,0.0346
40.56,0.0122
40.54,0.0047
40.52,0.0097
40.52,0.0115
40.49,0.0191
40.48,0.0001
40.46,0.0045
40.42,0.0052
40.41,0.0144
40.38,0.0066
40.35,0.0120
40.34,0.0063
40.32,0.0048
40.29,0.0053
40.27,0.0020
40.24,0.0053
40.22,0.0079
40.21,0.0015
40.17,0.0009
40.15,0.0091
40.12,0.0045
40.11,0.0083
40.09,0.0098
40.07,0.0022
40.06,0.0044
40.04,0.0062
40.00,0.0035
39.99,0.0056
39.98,0.0029
39.97,0.0268
39.94,0.0075
39.90,0.0320
39.88,0.0160
39.87,0.0006
39.86,0.0057
39.85,0.0088
39.83,0.0018
39.79,0.0145
39.76,0.0032
39.75,0.0034
39.74,0.0160
39.71,0.0051
39.70,0.0026
39.68,0.0015
39.68,0.0041
39.67,0.0130
39.65,0.0080
39.65,0.0039
39.62,0.0055
39.61,0.0123
39.59,0.0171
39.57,0.0077
39.54,0.0156
39.49,0.0092
39.49,0.0078
39.46,0.0062
39.43,0.0016
39.41,0.0109
39.40,0.0015
39.38,0.0136
39.35,0.0159
39.32,0.0003
39.30,0.0175
39.27,0.0101
39.27,0.0138
39.26,0.0007
39.24,0.0013
39.22,0.0136
39.19,0.0106
39.19,0.0037
39.18,0.0043
39.17,0.0054
39.14,0.0044
39.10,0.0071
39.09,0.0028
39.06,0.0059
39.05,0.0100
39.02,0.0001
39.01,0.0026
39.00,0.0355
38.98,0.0155
38.97,0.0011
38.96,0.0058
38.94,0.0379
38.91,0.0048
38.89,0.0107
38.87,0.0012
38.84,0.0185
38.83,0.0091
38.82,0.0030
38.81,0.0183
38.78,0.0059
38.77,0.0149
38.76,0.0042
38.72,0.0039
38.71,0.0059
38.67,0.0221
38.67,0.0179
38.65,0.0077
38.60,0.0100
38.57,0.0019
38.55,0.0029
38.54,0.0052
38.52,0.0082
38.51,0.0128
38.47,0.0051
38.43,0.0101
38.42,0.0054
38.42,0.0075
38.38,0.0076
38.37,0.0043
38.36,0.0070
38.34,0.0029
38.33,0.0030
38.29,0.0007
38.27,0.0003
38.24,0.0263
38.23,0.0033
38.22,0.0135
38.21,0.0147
38.20,0.0180
38.18,0.0018
38.16,0.0047
38.14,0.0027
38.13,0.0033
38.11,0.0010
38.07,0.0041
38.06,0.0115
38.06,0.0095
38.03,0.0067
38.02,0.0023
38.00,0.0064
37.97,0.0167
37.96,0.0054
37.95,0.0024
37.93,0.0032
37.91,0.0035
37.90,0.0049
37.89,0.0154
37.87,0.0006
37.86,0.0008
37.83,0.0019
37.78,0.0184
37.76,0.0017
37.75,0.0009
37.73,0.0003
37.71,0.0049
37.70,0.0037
37.68,0.0025
37.65,0.0171
37.64,0.0051
37.62,0.0071
37.61,0.0013
37.56,0.0136
37.55,0.0118
37.54,0.0018
37.52,0.0023
37.50,0.0120
37.50,0.0016
37.48,0.0083
37.46,0.0090
37.44,0.0057
37.44,0.0011
37.41,0.0023
37.38,0.0087
37.37,0.0033
37.35,0.0020
37.35,0.0042
37.27,0.0026
37.26,0.0032
37.23,0.0008
37.21,0.0262
37.19,0.0059
37.16,0.0019
37.15,0.0043
37.13,0.0024
37.10,0.0015
37.09,0.0013
37.07,0.0011
37.06,0.0007
37.03,0.0128
36.98,0.0064
36.93,0.0026
36.92,0.0014
36.89,0.0143
36.87,0.0019
36.85,0.0008
36.83,0.0030
36.80,0.0040
36.78,0.0006
36.77,0.0107
36.75,0.0150
36.74,0.0083
36.72,0.0084
36.71,0.0039
36.69,0.0109
36.68,0.0030
36.67,0.0031
36.65,0.0077
36.62,0.0104
36.60,0.0014
36.58,0.0061
36.57,0.0006
36.56,0.0081
36.54,0.0096
36.52,0.0047
36.49,0.0013
36.47,0.0116
36.46,0.0062
36.44,0.0058
36.42,0.0016
36.41,0.0108
36.40,0.0009
36.38,0.0016
36.34,0.0013
36.33,0.0021
36.31,0.0004
36.29,0.0022
36.28,0.0076
36.27,0.0012
36.24,0.0092
36.22,0.0059
36.20,0.0004
36.19,0.0087
36.14,0.0119
36.13,0.0043
36.11,0.0024
36.11,0.0122
36.09,0.0073
36.07,0.0030
36.06,0.0015
36.03,0.0038
36.03,0.0039
36.01,0.0035
35.99,0.0064
35.97,0.0093
35.95,0.0015
35.93,0.0079
35.93,0.0115
35.91,0.0016
35.88,0.0030
35.87,0.0016
35.85,0.0018
35.84,0.0042
35.82,0.0124
35.81,0.0064
35.80,0.0009
35.78,0.0005
35.76,0.0065
35.72,0.0043
35.71,0.0039
35.68,0.0025
35.66,0.0044
35.63,0.0117
35.61,0.0006
35.60,0.0059
35.59,0.0045
35.56,0.0055
35.54,0.0024
35.54,0.0090
35.52,0.0107
35.52,0.0044
35.47,0.0045
35.45,0.0097
35.44,0.0014
35.43,0.0124
35.41,0.0163
35.39,0.0084
35.38,0.0032
35.36,0.0050
35.34,0.0090
35.32,0.0013
35.29,0.0078
35.28,0.0106
35.26,0.0139
35.24,0.0012
35.23,0.0055
35.19,0.0009
35.19,0.0044
35.18,0.0053
35.15,0.0005
35.14,0.0158
35.12,0.0055
35.11,0.0030
35.08,0.0029
35.03,0.0133
35.01,0.0113
35.00,0.0046
34.98,0.0024
34.97,0.0008
34.92,0.0022
34.91,0.0022
34.90,0.0051
34.87,0.0080
34.84,0.0005
34.83,0.0026
34.80,0.0057
34.78,0.0025
34.76,0.0019
34.75,0.0014
34.73,0.0122
34.72,0.0193
34.70,0.0079
34.68,0.0044
34.67,0.0034
34.65,0.0037
34.63,0.0081
34.61,0.0100
34.60,0.0075
34.58,0.0024
34.57,0.0016
34.55,0.0068
34.53,0.0016
34.51,0.0020
34.51,0.0027
34.50,0.0018
34.48,0.0044
34.47,0.0053
34.45,0.0040
34.43,0.0016
34.42,0.0030
34.40,0.0066
34.36,0.0023
34.35,0.0163
34.34,0.0033
34.33,0.0037
34.31,0.0059
34.30,0.0035
34.29,0.0060
34.28,0.0082
34.25,0.0062
34.23,0.0037
34.19,0.0075
34.19,0.0024
34.17,0.0104
34.15,0.0002
34.14,0.0161
34.14,0.0018
34.13,0.0014
34.11,0.0018
34.09,0.0007
34.06,0.0039
34.06,0.0088
34.04,0.0095
34.02,0.0028
34.02,0.0057
34.00,0.0034
33.99,0.0065
33.95,0.0034
33.94,0.0080
33.91,0.0004
33.90,0.0011
33.88,0.0061
33.86,0.0008
33.85,0.0041
33.83,0.0030
33.82,0.0021
33.79,0.0027
33.79,0.0006
33.76,0.0007
33.73,0.0003
33.73,0.0050
33.72,0.0031
33.70,0.0074
33.67,0.0099
33.61,0.0024
33.60,0.0011
33.58,0.0207
33.54,0.0063
33.53,0.0055
33.52,0.0054
33.51,0.0011
33.51,0.0046
33.49,0.0003
33.47,0.0031
33.45,0.0020
33.44,0.0037
33.42,0.0043
33.40,0.0049
33.40,0.0048
33.38,0.0031
33.38,0.0008
33.36,0.0015
33.32,0.0038
33.32,0.0015
33.31,0.0029
33.29,0.0009
33.28,0.0129
33.28,0.0089
33.25,0.0064
33.24,0.0031
33.22,0.0032
33.21,0.0021
33.19,0.0092
33.18,0.0012
33.16,0.0001
33.15,0.0135
33.12,0.0048
33.10,0.0098
33.08,0.0091
33.06,0.0069
33.05,0.0063
33.04,0.0024
33.02,0.0051
33.00,0.0009
32.99,0.0041
32.95,0.0013
32.94,0.0052
32.92,0.0042
32.92,0.0015
32.90,0.0022
32.89,0.0049
32.88,0.0022
32.86,0.0052
32.84,0.0080
32.84,0.0021
32.84,0.0025
32.81,0.0014
32.79,0.0019
32.77,0.0037
32.76,0.0048
32.73,0.0044
32.72,0.0061
32.71,0.0007
32.70,0.0016
32.69,0.0014
32.65,0.0016
32.61,0.0017
32.61,0.0029
32.60,0.0108
32.58,0.0127
32.56,0.0076
32.53,0.0034
32.51,0.0083
32.50,0.0171
32.48,0.0004
32.48,0.0009
32.47,0.0019
32.45,0.0028
32.44,0.0012
32.43,0.0008
32.42,0.0011
32.40,0.0027
32.40,0.0121
32.39,0.0022
32.37,0.0010
32.35,0.0062
32.34,0.0027
32.32,0.0010
32.32,0.0027
32.31,0.0044
32.30,0.0020
32.27,0.0019
32.26,0.0003
32.22,0.0037
32.19,0.0031
32.18,0.0011
32.17,0.0049
32.15,0.0028
32.13,0.0005
32.13,0.0063
32.11,0.0043
32.10,0.0104
32.09,0.0004
32.08,0.0007
32.06,0.0018
32.05,0.0006
32.03,0.0044
32.03,0.0019
32.02,0.0009
31.96,0.0005
31.95,0.0012
31.94,0.0036
31.93,0.0034
31.92,0.0060
31.90,0.0012
31.89,0.0023
31.87,0.0016
31.86,0.0005
31.85,0.0086
31.82,0.0065
31.80,0.0015
31.79,0.0036
31.77,0.0130
31.75,0.0054
31.74,0.0003
31.73,0.0045
31.73,0.0059
31.71,0.0096
31.70,0.0082
31.69,0.0055
31.66,0.0064
31.65,0.0094
31.64,0.0080
31.61,0.0047
31.60,0.0011
31.59,0.0027
31.58,0.0013
31.55,0.0029
31.54,0.0019
31.53,0.0048
31.52,0.0022
31.50,0.0025
31.49,0.0025
31.46,0.0019
31.43,0.0041
31.42,0.0057
31.41,0.0105
31.39,0.0001
31.35,0.0092
31.33,0.0152
31.32,0.0077
31.31,0.0011
31.31,0.0023
31.29,0.0015
31.26,0.0026
31.24,0.0024
31.23,0.0081
31.22,0.0023
31.17,0.0022
31.17,0.0020
31.15,0.0043
31.14,0.0002
31.12,0.0117
31.10,0.0110
31.09,0.0029
31.07,0.0005
31.06,0.0021
31.03,0.0016
31.02,0.0005
31.01,0.0092
31.00,0.0048
30.97,0.0015
30.96,0.0046
30.92,0.0126
30.90,0.0134
30.90,0.0021
30.88,0.0020
30.87,0.0068
30.85,0.0123
30.84,0.0045
30.83,0.0021
30.82,0.0042
30.80,0.0103
30.76,0.0048
30.74,0.0033
30.73,0.0100
30.71,0.0038
30.71,0.0034
30.69,0.0072
30.68,0.0116
30.66,0.0049
30.65,0.0163
30.63,0.0029
30.62,0.0017
30.61,0.0008
30.59,0.0029
30.58,0.0016
30.56,0.0069
30.54,0.0053
30.53,0.0037
30.52,0.0007
30.51,0.0004
30.49,0.0095
30.47,0.0121
30.42,0.0046
30.40,0.0078
30.37,0.0034
30.35,0.0040
30.35,0.0010
30.34,0.0012
30.33,0.0060
30.32,0.0087
30.29,0.0006
30.26,0.0094
30.24,0.0041
30.24,0.0014
30.23,0.0011
30.21,0.0015
30.20,0.0037
30.17,0.0008
30.16,0.0017
30.14,0.0021
30.13,0.0027
30.12,0.0065
30.11,0.0059
30.10,0.0011
30.08,0.0065
30.07,0.0058
30.05,0.0021
30.04,0.0012
30.02,0.0020
30.01,0.0008
30.00,0.0027
30.00,0.0058
29.98,0.0081
29.96,0.0039
29.95,0.0008
29.94,0.0036
29.93,0.0078
29.90,0.0054
29.87,0.0006
29.86,0.0063
29.84,0.0050
29.82,0.0051
29.79,0.0006
29.76,0.0022
29.74,0.0035
29.73,0.0008
29.72,0.0031
29.72,0.0041
29.71,0.0043
29.67,0.0019
29.67,0.0014
29.65,0.0009
29.64,0.0053
29.62,0.0039
29.61,0.0033
29.60,0.0031
29.59,0.0051
29.57,0.0126
29.56,0.0039
29.54,0.0025
29.52,0.0017
29.50,0.0008
29.47,0.0102
29.46,0.0086
29.44,0.0037
29.43,0.0148
29.41,0.0025
29.39,0.0008
29.38,0.0008
29.36,0.0078
29.34,0.0006
29.33,0.0005
29.31,0.0021
29.30,0.0024
29.29,0.0070
29.27,0.0025
29.24,0.0010
29.23,0.0077
29.22,0.0009
29.20,0.0008
29.18,0.0018
29.17,0.0057
29.16,0.0060
29.15,0.0045
29.13,0.0043
29.11,0.0034
29.11,0.0021
29.09,0.0015
29.06,0.0057
29.04,0.0121
29.02,0.0016
29.02,0.0070
29.01,0.0029
28.97,0.0037
28.95,0.0047
28.93,0.0012
28.92,0.0055
28.91,0.0003
28.88,0.0031
28.86,0.0083
28.86,0.0028
28.85,0.0022
28.84,0.0032
28.81,0.0054
28.79,0.0020
28.79,0.0058
28.76,0.0035
28.76,0.0029
28.74,0.0011
28.72,0.0013
28.71,0.0056
28.69,0.0014
28.68,0.0029
28.66,0.0006
28.63,0.0024
28.61,0.0046
28.60,0.0044
28.59,0.0009
28.58,0.0033
28.56,0.0032
28.54,0.0051
28.51,0.0037
28.51,0.0003
28.48,0.0010
28.46,0.0045
28.45,0.0016
28.44,0.0007
28.42,0.0019
28.41,0.0105
28.39,0.0019
28.39,0.0087
28.36,0.0098
28.36,0.0117
28.33,0.0022
28.33,0.0089
28.32,0.0026
28.29,0.0156
28.27,0.0055
28.26,0.0066
28.25,0.0062
28.24,0.0056
28.22,0.0136
28.20,0.0006
28.19,0.0014
28.17,0.0015
28.17,0.0065
28.16,0.0078
28.13,0.0050
28.11,0.0006
28.10,0.0033
28.08,0.0018
28.06,0.0134
28.05,0.0134
28.04,0.0119
28.02,0.0019
28.01,0.0037
28.00,0.0005
27.98,0.0014
27.96,0.0017
27.94,0.0007
27.92,0.0001
27.90,0.0015
27.89,0.0014
27.89,0.0010
27.86,0.0046
27.84,0.0121
27.82,0.0075
27.82,0.0020
27.81,0.0002
27.80,0.0008
27.79,0.0013
27.76,0.0036
27.75,0.0019
27.73,0.0104
27.71,0.0035
27.70,0.0050
27.69,0.0059
27.69,0.0027
27.65,0.0030
27.64,0.0036
27.63,0.0026
27.63,0.0089
27.62,0.0095
27.61,0.0077
27.58,0.0056
27.57,0.0065
27.55,0.0005
27.54,0.0231
27.52,0.0147
27.51,0.0134
27.50,0.0161
27.48,0.0004
27.46,0.0084
27.45,0.0042
27.44,0.0075
27.42,0.0021
27.41,0.0125
27.40,0.0025
27.37,0.0322
27.36,0.0018
27.34,0.0053
27.32,0.0031
27.31,0.0101
27.30,0.0023
27.28,0.0009
27.28,0.0097
27.26,0.0025
27.26,0.0021
27.21,0.0029
27.18,0.0022
27.17,0.0082
27.16,0.0026
27.14,0.0034
27.13,0.0019
27.12,0.0081
27.10,0.0019
27.09,0.0027
27.08,0.0011
27.07,0.0098
27.05,0.0068
27.04,0.0086
27.03,0.0080
27.02,0.0057
27.00,0.0057
26.98,0.0084
26.98,0.0037
26.97,0.0009
26.96,0.0055
26.95,0.0050
26.93,0.0029
26.91,0.0046
26.90,0.0036
26.89,0.0043
26.88,0.0147
26.87,0.0074
26.86,0.0088
26.84,0.0024
26.84,0.0051
26.82,0.0045
26.80,0.0018
26.79,0.0009
26.78,0.0243
26.76,0.0020
26.73,0.0043
26.71,0.0037
26.70,0.0028
26.69,0.0067
26.68,0.0182
26.65,0.0023
26.65,0.0030
26.64,0.0080
26.61,0.0069
26.61,0.0176
26.59,0.0014
26.58,0.0035
26.57,0.0076
26.55,0.0084
26.53,0.0095
26.52,0.0229
26.50,0.0048
26.48,0.0157
26.46,0.0039
26.44,0.0067
26.42,0.0040
26.42,0.0052
26.39,0.0130
26.37,0.0032
26.34,0.0024
26.33,0.0018
26.33,0.0084
26.32,0.0189
26.31,0.0015
26.30,0.0010
26.28,0.0103
26.27,0.0045
26.25,0.0010
26.22,0.0428
26.22,0.0008
26.20,0.0087
26.18,0.0044
26.15,0.0007
26.12,0.0094
26.11,0.0016
26.09,0.0167
26.07,0.0019
26.07,0.0122
26.06,0.0038
26.03,0.0003
26.02,0.0071
26.02,0.0033
26.01,0.0037
26.00,0.0005
25.99,0.0050
25.98,0.0050
25.97,0.0213
25.93,0.0078
25.93,0.0015
25.91,0.0047
25.89,0.0018
25.88,0.0051
25.87,0.0011
25.85,0.0011
25.85,0.0068
25.83,0.0032
25.82,0.0074
25.80,0.0073
25.80,0.0076
25.78,0.0140
25.77,0.0021
25.75,0.0007
25.75,0.0014
25.73,0.0069
25.73,0.0037
25.68,0.0062
25.67,0.0056
25.66,0.0013
25.64,0.0011
25.62,0.0043
25.61,0.0035
25.60,0.0155
25.58,0.0019
25.57,0.0098
25.55,0.0064
25.53,0.0062
25.53,0.0021
25.51,0.0048
25.48,0.0249
25.47,0.0025
25.43,0.0098
25.41,0.0018
25.39,0.0128
25.38,0.0064
25.35,0.0001
25.34,0.0060
25.31,0.0083
25.31,0.0045
25.31,0.0001
25.30,0.0033
25.29,0.0012
25.28,0.0018
25.26,0.0106
25.24,0.0012
25.23,0.0161
25.22,0.0013
25.22,0.0018
25.20,0.0042
25.19,0.0019
25.17,0.0023
25.14,0.0023
25.13,0.0018
25.12,0.0008
25.11,0.0019
25.10,0.0013
25.08,0.0087
25.05,0.0055
25.03,0.0029
25.02,0.0097
25.00,0.0076
24.99,0.0024
24.98,0.0034
24.96,0.0081
24.96,0.0099
24.94,0.0113
24.93,0.0086
24.92,0.0120
24.91,0.0015
24.90,0.0153
24.89,0.0056
24.87,0.0097
24.86,0.0058
24.83,0.0050
24.78,0.0067
24.76,0.0055
24.76,0.0042
24.75,0.0038
24.74,0.0016
24.72,0.0020
24.68,0.0129
24.67,0.0055
24.66,0.0079
24.65,0.0108
24.63,0.0137
24.62,0.0107
24.58,0.0149
24.56,0.0096
24.52,0.0182
24.50,0.0177
24.47,0.0033
24.45,0.0115
24.43,0.0152
24.43,0.0062
24.40,0.0094
24.38,0.0151
24.37,0.0049
24.36,0.0111
24.35,0.0050
24.32,0.0017
24.30,0.0020
24.29,0.0029
24.28,0.0047
24.28,0.0036
24.27,0.0041
24.25,0.0112
24.21,0.0149
24.19,0.0180
24.17,0.0171
24.14,0.0297
24.13,0.0256
24.12,0.0101
24.11,0.0028
24.10,0.0088
24.09,0.0104
24.02,0.0234
24.00,0.0030
23.99,0.0095
23.96,0.0122
23.94,0.0137
23.93,0.0094
23.92,0.0070
23.90,0.0020
23.89,0.0080
23.86,0.0188
23.82,0.0025
23.82,0.0096
23.80,0.0010
23.79,0.0017
23.76,0.0076
23.74,0.0256
23.73,0.0135
23.72,0.0025
23.70,0.0025
23.69,0.0151
23.67,0.0084
23.67,0.0296
23.66,0.0053
23.65,0.0195
23.64,0.0067
23.63,0.0061
23.61,0.0017
23.59,0.0096
23.58,0.0070
23.57,0.0050
23.56,0.0236
23.54,0.0072
23.52,0.0075
23.51,0.0113
23.49,0.0044
23.47,0.0065
23.45,0.0125
23.44,0.0280
23.43,0.0068
23.42,0.0109
23.42,0.0056
23.41,0.0024
23.40,0.0063
23.36,0.0100
23.34,0.0051
23.31,0.0210
23.31,0.0035
23.30,0.0466
23.28,0.0380
23.28,0.0169
23.26,0.0215
23.21,0.0020
23.20,0.0081
23.18,0.0065
23.17,0.0221
23.15,0.0001
23.14,0.0115
23.13,0.0050
23.13,0.0308
23.10,0.0301
23.07,0.0074
23.06,0.0049
23.06,0.0202
23.04,0.0519
23.04,0.0209
23.03,0.0319
23.01,0.0225
23.00,0.0196
22.95,0.0102
22.94,0.0230
22.92,0.0096
22.90,0.0072
22.89,0.0201
22.88,0.0142
22.86,0.0138
22.84,0.0194
22.84,0.0364
22.82,0.0151
22.80,0.0061
22.79,0.0226
22.78,0.0149
22.76,0.0164
22.74,0.0061
22.74,0.0027
22.73,0.0150
22.72,0.0230
22.71,0.0064
22.70,0.0120
22.68,0.0501
22.66,0.0032
22.66,0.0090
22.63,0.0004
22.63,0.0005
22.62,0.0014
22.61,0.0058
22.61,0.0050
22.59,0.0364
22.59,0.0191
22.58,0.0078
22.54,0.0098
22.54,0.0132
22.53,0.0062
22.52,0.0015
22.51,0.0153
22.51,0.0026
22.50,0.0103
22.49,0.0031
22.47,0.0047
22.43,0.0206
22.42,0.0098
22.41,0.0055
22.38,0.0272
22.36,0.0016
22.36,0.0298
22.35,0.0054
22.34,0.0122
22.33,0.0096
22.31,0.0034
22.30,0.0025
22.30,0.0135
22.29,0.0075
22.28,0.0037
22.28,0.0281
22.26,0.0067
22.25,0.0085
22.25,0.0077
22.24,0.0038
22.21,0.0195
22.20,0.0012
22.19,0.0070
22.19,0.0025
22.17,0.0021
22.16,0.0131
22.13,0.0021
22.12,0.0111
22.10,0.0132
22.09,0.0119
22.07,0.0158
22.06,0.0077
22.05,0.0089
22.04,0.0372
22.04,0.0299
22.02,0.0026
22.01,0.0113
22.00,0.0053
21.99,0.0088
21.98,0.0017
21.97,0.0065
21.97,0.0114
21.95,0.0241
21.93,0.0036
21.92,0.0139
21.91,0.0193
21.89,0.0204
21.89,0.0029
21.87,0.0105
21.86,0.0148
21.85,0.0142
21.84,0.0017
21.83,0.0053
21.81,0.0368
21.80,0.0068
21.80,0.0021
21.79,0.0053
21.78,0.0020
21.78,0.0166
21.77,0.0105
21.77,0.0110
21.76,0.0108
21.75,0.0059
21.74,0.0007
21.73,0.0015
21.72,0.0039
21.72,0.0014
21.70,0.0061
21.69,0.0042
21.69,0.0125
21.68,0.0124
21.67,0.0061
21.66,0.0116
21.64,0.0031
21.63,0.0035
21.63,0.0010
21.62,0.0053
21.61,0.0056
21.59,0.0053
21.59,0.0034
21.57,0.0006
21.55,0.0004
21.55,0.0018
21.55,0.0128
21.53,0.0025
21.52,0.0117
21.51,0.0046
21.51,0.0201
21.49,0.0064
21.49,0.0333
21.48,0.0126
21.46,0.0045
21.45,0.0051
21.45,0.0022
21.44,0.0016
21.44,0.0144
21.43,0.0092
21.42,0.0261
21.41,0.0028
21.39,0.0031
21.38,0.0108
21.37,0.0021
21.35,0.0076
21.35,0.0130
21.34,0.0035
21.32,0.0042
21.31,0.0138
21.30,0.0018
21.28,0.0006
21.28,0.0013
21.27,0.0599
21.27,0.0034
21.26,0.0059
21.26,0.0072
21.25,0.0021
21.24,0.0044
21.23,0.0064
21.22,0.0104
21.22,0.0131
21.21,0.0078
21.17,0.0068
21.17,0.0040
21.15,0.0027
21.13,0.0034
21.13,0.0184
21.13,0.0050
21.11,0.0162
21.10,0.0089
21.10,0.0125
21.09,0.0520
21.07,0.0081
21.07,0.0019
21.05,0.0123
21.05,0.0020
21.04,0.0066
21.02,0.0118
21.01,0.0076
21.00,0.0090
20.98,0.0110
20.97,0.0164
20.97,0.0253
20.96,0.0026
20.95,0.0019
20.94,0.0012
20.93,0.0269
20.91,0.0077
20.90,0.0039
20.89,0.0056
20.88,0.0109
20.87,0.0088
20.85,0.0090
20.83,0.0043
20.82,0.0115
20.81,0.0233
20.80,0.0038
20.79,0.0032
20.79,0.0059
20.78,0.0079
20.77,0.0073
20.76,0.0028
20.76,0.0124
20.75,0.0085
20.74,0.0139
20.73,0.0067
20.73,0.0151
20.72,0.0015
20.71,0.0152
20.70,0.0158
20.69,0.0122
20.67,0.0111
20.67,0.0059
20.66,0.0152
20.65,0.0036
20.63,0.0152
20.62,0.0152
20.60,0.0060
20.59,0.0049
20.57,0.0016
20.55,0.0080
20.55,0.0016
20.54,0.0179
20.54,0.0033
20.53,0.0198
20.52,0.0247
20.52,0.0061
20.51,0.0127
20.49,0.0054
20.49,0.0031
20.49,0.0023
20.47,0.0042
20.46,0.0135
20.44,0.0093
20.44,0.0044
20.42,0.0373
20.42,0.0056
20.42,0.0030
20.40,0.0036
20.40,0.0004
20.39,0.0034
20.39,0.0100
20.37,0.0194
20.37,0.0077
20.36,0.0012
20.34,0.0043
20.33,0.0068
20.33,0.0053
20.31,0.0071
20.30,0.0027
20.29,0.0073
20.28,0.0063
20.27,0.0121
20.26,0.0059
20.25,0.0119
20.25,0.0049
20.23,0.0079
20.22,0.0037
20.22,0.0013
20.20,0.0090
20.20,0.0173
20.19,0.0082
20.17,0.0007
20.17,0.0089
20.17,0.0083
20.16,0.0183
20.15,0.0095
20.14,0.0098
20.13,0.0149
20.13,0.0203
20.11,0.0030
20.09,0.0123
20.08,0.0010
20.08,0.0058
20.06,0.0016
20.06,0.0092
20.04,0.0157
20.03,0.0011
20.02,0.0163
20.02,0.0011
20.01,0.0020
20.00,0.0049
19.97,0.0172
19.96,0.0077
19.94,0.0029
19.93,0.0018
19.93,0.0142
19.92,0.0080
19.91,0.0003
19.89,0.0155
19.88,0.0066
19.86,0.0010
19.85,0.0007
19.85,0.0053
19.84,0.0078
19.83,0.0068
19.81,0.0046
19.81,0.0210
19.80,0.0104
19.80,0.0071
19.80,0.0026
19.79,0.0051
19.77,0.0148
19.76,0.0197
19.75,0.0036
19.74,0.0101
19.73,0.0131
19.73,0.0015
19.71,0.0099
19.70,0.0031
19.68,0.0051
19.68,0.0158
19.66,0.0026
19.65,0.0042
19.64,0.0034
19.63,0.0003
19.62,0.0013
19.61,0.0029
19.60,0.0080
19.60,0.0122
19.59,0.0022
19.57,0.0175
19.57,0.0044
19.56,0.0013
19.56,0.0093
19.55,0.0016
19.55,0.0042
19.53,0.0169
19.52,0.0114
19.50,0.0016
19.50,0.0116
19.49,0.0100
19.49,0.0047
19.47,0.0017
19.47,0.0010
19.45,0.0027
19.45,0.0271
19.44,0.0008
19.43,0.0038
19.42,0.0016
19.41,0.0053
19.40,0.0025
19.40,0.0035
19.38,0.0118
19.38,0.0118
19.36,0.0031
19.36,0.0040
19.35,0.0007
19.35,0.0046
19.33,0.0018
19.33,0.0005
19.32,0.0010
19.32,0.0006
19.30,0.0014
19.28,0.0108
19.28,0.0086
19.27,0.0035
19.26,0.0108
19.26,0.0010
19.26,0.0067
19.25,0.0006
19.24,0.0017
19.23,0.0090
19.22,0.0026
19.21,0.0037
19.20,0.0010
19.19,0.0098
19.18,0.0010
19.17,0.0022
19.17,0.0081
19.17,0.0078
19.16,0.0087
19.15,0.0123
19.13,0.0051
19.12,0.0006
19.11,0.0062
19.10,0.0095
19.10,0.0081
19.09,0.0152
19.08,0.0071
19.06,0.0033
19.06,0.0039
19.05,0.0085
19.04,0.0050
19.03,0.0050
19.02,0.0099
19.01,0.0097
19.01,0.0054
19.00,0.0013
18.98,0.0066
18.98,0.0042
18.97,0.0106
18.96,0.0031
18.95,0.0035
18.95,0.0017
18.94,0.0035
18.94,0.0023
18.93,0.0038
18.92,0.0001
18.92,0.0042
18.91,0.0022
18.90,0.0017
18.89,0.0027
18.88,0.0032
18.87,0.0055
18.87,0.0074
18.86,0.0143
18.86,0.0099
18.85,0.0091
18.83,0.0108
18.82,0.0079
18.82,0.0016
18.81,0.0007
18.80,0.0009
18.79,0.0014
18.79,0.0055
18.79,0.0103
18.78,0.0029
18.77,0.0015
18.76,0.0001
18.75,0.0085
18.74,0.0031
18.73,0.0014
18.73,0.0044
18.71,0.0014
18.71,0.0019
18.70,0.0091
18.69,0.0023
18.68,0.0032
18.68,0.0069
18.67,0.0103
18.66,0.0033
18.66,0.0034
18.65,0.0037
18.65,0.0049
18.64,0.0060
18.63,0.0096
18.62,0.0069
18.61,0.0032
18.61,0.0004
18.60,0.0104
18.60,0.0092
18.59,0.0056
18.58,0.0007
18.58,0.0021
18.57,0.0030
18.57,0.0057
18.56,0.0035
18.55,0.0024
18.55,0.0037
18.54,0.0033
18.54,0.0014
18.52,0.0060
18.51,0.0036
18.51,0.0070
18.50,0.0000
18.50,0.0010
18.48,0.0139
18.47,0.0027
18.47,0.0010
18.46,0.0037
18.44,0.0040
18.44,0.0021
18.44,0.0054
18.43,0.0066
18.42,0.0090
18.42,0.0019
18.41,0.0055
18.40,0.0101
18.39,0.0010
18.39,0.0063
18.38,0.0159
18.38,0.0124
18.36,0.0012
18.36,0.0053
18.35,0.0039
18.35,0.0078
18.34,0.0062
18.33,0.0065
18.32,0.0023
18.32,0.0060
18.32,0.0068
18.30,0.0038
18.29,0.0033
18.28,0.0027
18.27,0.0001
18.26,0.0051
18.25,0.0011
18.24,0.0016
18.24,0.0006
18.23,0.0050
18.22,0.0088
18.21,0.0005
18.20,0.0015
18.18,0.0018
18.18,0.0046
18.17,0.0056
18.15,0.0017
18.14,0.0067
18.14,0.0084
18.12,0.0047
18.12,0.0056
18.11,0.0069
18.10,0.0020
18.10,0.0025
18.09,0.0036
18.08,0.0187
18.08,0.0168
18.06,0.0106
18.05,0.0043
18.04,0.0014
18.02,0.0047
18.01,0.0018
18.01,0.0058
18.01,0.0056
18.00,0.0037
17.98,0.0029
17.97,0.0016
17.97,0.0064
17.97,0.0005
17.95,0.0018
17.95,0.0038
17.94,0.0073
17.94,0.0022
17.93,0.0045
17.92,0.0015
17.92,0.0040
17.92,0.0022
17.91,0.0061
17.90,0.0029
17.90,0.0039
17.89,0.0039
17.89,0.0044
17.88,0.0048
17.87,0.0088
17.86,0.0109
17.86,0.0005
17.85,0.0085
17.83,0.0015
17.82,0.0054
17.81,0.0053
17.80,0.0038
17.80,0.0023
17.79,0.0004
17.79,0.0009
17.78,0.0053
17.77,0.0029
17.75,0.0014
17.75,0.0045
17.74,0.0017
17.72,0.0095
17.72,0.0062
17.71,0.0057
17.70,0.0056
17.70,0.0062
17.69,0.0002
17.69,0.0032
17.68,0.0074
17.66,0.0055
17.65,0.0049
17.64,0.0111
17.64,0.0099
17.63,0.0102
17.62,0.0050
17.60,0.0025
17.60,0.0004
17.59,0.0008
17.59,0.0015
17.58,0.0050
17.57,0.0028
17.56,0.0080
17.55,0.0037
17.53,0.0011
17.52,0.0013
17.51,0.0002
17.50,0.0036
17.50,0.0124
17.48,0.0049
17.47,0.0036
17.46,0.0179
17.45,0.0032
17.44,0.0073
17.44,0.0047
17.43,0.0025
17.42,0.0334
17.40,0.0013
17.40,0.0058
17.39,0.0155
17.38,0.0157
17.36,0.0007
17.36,0.0030
17.35,0.0011
17.34,0.0028
17.34,0.0051
17.33,0.0036
17.32,0.0019
17.31,0.0022
17.30,0.0068
17.28,0.0011
17.28,0.0045
17.27,0.0049
17.26,0.0049
17.26,0.0047
17.26,0.0017
17.25,0.0070
17.24,0.0053
17.24,0.0058
17.23,0.0106
17.22,0.0057
17.21,0.0015
17.20,0.0072
17.20,0.0032
17.18,0.0027
17.17,0.0099
17.17,0.0026
17.16,0.0010
17.14,0.0020
17.14,0.0030
17.13,0.0123
17.13,0.0036
17.12,0.0057
17.11,0.0109
17.10,0.0204
17.10,0.0024
17.08,0.0068
17.07,0.0099
17.06,0.0010
17.05,0.0041
17.04,0.0080
17.04,0.0042
17.03,0.0030
17.02,0.0016
17.01,0.0037
17.00,0.0014
17.00,0.0008
16.99,0.0034
16.99,0.0023
16.98,0.0053
16.97,0.0019
16.95,0.0012
16.94,0.0010
16.94,0.0007
16.93,0.0013
16.93,0.0092
16.92,0.0104
16.91,0.0109
16.90,0.0017
16.90,0.0014
16.89,0.0149
16.88,0.0106
16.88,0.0075
16.87,0.0029
16.86,0.0051
16.86,0.0058
16.85,0.0011
16.84,0.0044
16.84,0.0044
16.83,0.0022
16.82,0.0006
16.81,0.0031
16.80,0.0056
16.79,0.0041
16.78,0.0002
16.78,0.0016
16.77,0.0017
16.77,0.0053
16.76,0.0010
16.75,0.0020
16.74,0.0018
16.73,0.0052
16.71,0.0004
16.70,0.0003
16.70,0.0019
16.69,0.0041
16.68,0.0001
16.68,0.0027
16.68,0.0003
16.67,0.0016
16.66,0.0011
16.65,0.0015
16.65,0.0043
16.64,0.0043
16.62,0.0028
16.62,0.0067
16.61,0.0013
16.61,0.0012
16.60,0.0001
16.59,0.0010
16.58,0.0003
16.56,0.0001
16.56,0.0029
16.55,0.0067
16.54,0.0024
16.53,0.0047
16.53,0.0016
16.52,0.0033
16.51,0.0006
16.51,0.0066
16.50,0.0017
16.49,0.0034
16.49,0.0023
16.48,0.0199
16.47,0.0053
16.47,0.0111
16.46,0.0027
16.45,0.0039
16.44,0.0035
16.43,0.0003
16.42,0.0045
16.42,0.0091
16.42,0.0017
16.41,0.0016
16.41,0.0028
16.39,0.0028
16.38,0.0010
16.38,0.0021
16.37,0.0007
16.37,0.0009
16.36,0.0006
16.36,0.0009
16.35,0.0017
16.34,0.0016
16.33,0.0162
16.33,0.0043
16.32,0.0205
16.32,0.0088
16.31,0.0154
16.31,0.0059
16.30,0.0218
16.29,0.0077
16.29,0.0028
16.27,0.0012
16.27,0.0021
16.26,0.0009
16.26,0.0000
16.25,0.0015
16.24,0.0070
16.24,0.0022
16.23,0.0015
16.23,0.0191
16.22,0.0120
16.21,0.0350
16.21,0.0197
16.19,0.0032
16.19,0.0152
16.19,0.0134
16.18,0.0029
16.18,0.0016
16.17,0.0049
16.17,0.0024
16.16,0.0014
16.15,0.0019
16.14,0.0019
16.14,0.0036
16.13,0.0046
16.12,0.0013
16.11,0.0012
16.10,0.0261
16.10,0.0147
16.08,0.0014
16.08,0.0125
16.07,0.0028
16.07,0.0005
16.06,0.0167
16.04,0.0036
16.03,0.0424
16.02,0.0110
16.02,0.0106
16.01,0.0058
16.00,0.0046
15.99,0.0038
15.99,0.0036
15.98,0.0007
15.97,0.0006
15.96,0.0087
15.96,0.0052
15.95,0.0036
15.94,0.0005
15.94,0.0031
15.93,0.0026
15.93,0.0043
15.92,0.0016
15.92,0.0149
15.92,0.0022
15.90,0.0010
15.90,0.0027
15.90,0.0034
15.89,0.0087
15.88,0.0112
15.88,0.0144
15.86,0.0104
15.85,0.0029
15.84,0.0068
15.83,0.0011
15.82,0.0020
15.82,0.0065
15.82,0.0041
15.80,0.0042
15.80,0.0117
15.79,0.0023
15.78,0.0038
15.78,0.0040
15.77,0.0048
15.77,0.0029
15.76,0.0049
15.76,0.0036
15.74,0.0027
15.74,0.0038
15.74,0.0013
15.73,0.0014
15.72,0.0019
15.72,0.0014
15.71,0.0037
15.70,0.0002
15.69,0.0055
15.69,0.0018
15.68,0.0059
15.68,0.0007
15.67,0.0025
15.66,0.0009
15.66,0.0242
15.65,0.0062
15.64,0.0011
15.63,0.0012
15.63,0.0045
15.62,0.0033
15.62,0.0027
15.62,0.0013
15.61,0.0026
15.61,0.0026
15.60,0.0003
15.59,0.0013
15.59,0.0024
15.58,0.0024
15.57,0.0018
15.56,0.0023
15.55,0.0025
15.53,0.0021
15.53,0.0018
15.52,0.0010
15.51,0.0001
15.51,0.0005
15.50,0.0051
15.50,0.0038
15.49,0.0021
15.48,0.0002
15.48,0.0003
15.47,0.0072
15.46,0.0019
15.46,0.0031
15.45,0.0026
15.45,0.0180
15.44,0.0012
15.43,0.0023
15.42,0.0032
15.41,0.0054
15.41,0.0031
15.40,0.0032
15.40,0.0045
15.39,0.0012
15.38,0.0027
15.38,0.0131
15.37,0.0061
15.36,0.0059
15.35,0.0034
15.35,0.0006
15.34,0.0014
15.33,0.0030
15.32,0.0022
15.32,0.0013
15.31,0.0004
15.30,0.0024
15.29,0.0016
15.29,0.0001
15.29,0.0011
15.28,0.0044
15.28,0.0022
15.27,0.0060
15.27,0.0002
15.26,0.0040
15.25,0.0021
15.24,0.0039
15.23,0.0005
15.22,0.0016
15.22,0.0024
15.22,0.0037
15.21,0.0110
15.21,0.0065
15.20,0.0016
15.19,0.0017
15.18,0.0052
15.17,0.0011
15.15,0.0027
15.15,0.0011
15.15,0.0008
15.14,0.0040
15.14,0.0020
15.14,0.0019
15.13,0.0002
15.12,0.0007
15.11,0.0017
15.10,0.0001
15.10,0.0023
15.09,0.0015
15.09,0.0014
15.08,0.0019
15.08,0.0013
15.07,0.0014
15.05,0.0019
15.04,0.0025
15.04,0.0003
15.03,0.0024
15.02,0.0029
15.01,0.0027
15.00,0.0013
15.00,0.0016
14.99,0.0063
14.99,0.0013
14.98,0.0019
14.97,0.0109
14.97,0.0093
14.96,0.0013
14.95,0.0045
14.95,0.0001
14.94,0.0068
14.93,0.0023
14.93,0.0000
14.92,0.0002
14.91,0.0023
14.90,0.0003
14.89,0.0012
14.89,0.0091
14.88,0.0032
14.88,0.0063
14.85,0.0014
14.85,0.0009
14.84,0.0010
14.83,0.0022
14.82,0.0021
14.81,0.0052
14.80,0.0056
14.80,0.0023
14.78,0.0015
14.77,0.0017
14.77,0.0013
14.76,0.0004
14.74,0.0004
14.74,0.0003
14.73,0.0015
14.73,0.0048
14.73,0.0043
14.72,0.0039
14.70,0.0009
14.69,0.0001
14.69,0.0034
14.68,0.0060
14.67,0.0003
14.65,0.0030
14.65,0.0005
14.64,0.0006
14.63,0.0005
14.63,0.0013
14.61,0.0011
14.57,0.0010
14.57,0.0002
14.56,0.0044
14.55,0.0003
14.55,0.0003
14.54,0.0006
14.54,0.0064
14.53,0.0024
14.52,0.0006
14.50,0.0005
14.50,0.0013
14.49,0.0022
14.49,0.0012
14.49,0.0023
14.45,0.0011
14.44,0.0052
14.43,0.0016
14.41,0.0004
14.39,0.0009
14.37,0.0009
14.36,0.0014
14.35,0.0129
14.34,0.0012
14.33,0.0079
14.33,0.0092
14.31,0.0008
14.29,0.0010
14.27,0.0007
14.27,0.0004
14.25,0.0030
14.25,0.0006
14.21,0.0013
14.21,0.0015
14.19,0.0023
14.18,0.0004
14.18,0.0044
14.17,0.0015
14.17,0.0012
14.16,0.0018
14.14,0.0008
14.13,0.0002
14.12,0.0022
14.11,0.0058
14.11,0.0020
14.10,0.0146
14.09,0.0039
14.07,0.0041
14.06,0.0052
14.05,0.0032
14.04,0.0018
14.03,0.0014
14.01,0.0007
14.00,0.0028
14.00,0.0036
13.98,0.0076
13.97,0.0193
13.96,0.0322
13.96,0.0010
13.94,0.0105
13.94,0.0012
13.93,0.0053
13.93,0.0112
13.91,0.0074
13.89,0.0017
13.88,0.0005
13.88,0.0028
13.85,0.0043
13.84,0.0002
13.84,0.0002
13.82,0.0005
13.81,0.0008
13.80,0.0008
13.80,0.0081
13.79,0.0005
13.77,0.0104
13.77,0.0138
13.76,0.0009
13.75,0.0029
13.75,0.0110
13.74,0.0024
13.73,0.0006
13.73,0.0083
13.72,0.0005
13.71,0.0011
13.71,0.0019
13.70,0.0214
13.68,0.0145
13.66,0.0095
13.65,0.0154
13.64,0.0132
13.64,0.0081
13.63,0.0015
13.63,0.0151
13.63,0.0028
13.62,0.0054
13.61,0.0026
13.60,0.0177
13.60,0.0010
13.60,0.0016
13.59,0.0024
13.58,0.0142
13.57,0.0013
13.57,0.0108
13.56,0.0024
13.56,0.0141
13.55,0.0017
13.55,0.0031
13.54,0.0029
13.54,0.0121
13.53,0.0097
13.53,0.0030
13.53,0.0049
13.52,0.0029
13.51,0.0325
13.50,0.0078
13.49,0.0148
13.49,0.0051
13.49,0.0118
13.48,0.0028
13.47,0.0072
13.47,0.0054
13.46,0.0352
13.46,0.0004
13.45,0.0105
13.44,0.0115
13.43,0.0051
13.43,0.0066
13.42,0.0213
13.42,0.0016
13.41,0.0047
13.41,0.0110
13.41,0.0070
13.40,0.0131
13.38,0.0068
13.38,0.0001
13.37,0.0143
13.36,0.0039
13.36,0.0004
13.35,0.0127
13.34,0.0037
13.34,0.0237
13.33,0.0238
13.32,0.0033
13.32,0.0163
13.31,0.0021
13.30,0.0047
13.30,0.0080
13.29,0.0241
13.29,0.0137
13.28,0.0130
13.28,0.0035
13.27,0.0121
13.26,0.0082
13.26,0.0073
13.25,0.0042
13.24,0.0007
13.23,0.0108
13.23,0.0162
13.22,0.0055
13.22,0.0056
13.21,0.0133
13.21,0.0322
13.20,0.0025
13.19,0.0097
13.19,0.0039
13.18,0.0026
13.17,0.0131
13.17,0.0047
13.16,0.0018
13.16,0.0040
13.15,0.0169
13.14,0.0121
13.14,0.0072
13.13,0.0089
13.13,0.0052
13.12,0.0039
13.12,0.0018
13.12,0.0043
13.12,0.0092
13.11,0.0061
13.11,0.0008
13.10,0.0046
13.10,0.0034
13.09,0.0036
13.09,0.0051
13.09,0.0028
13.08,0.0025
13.07,0.0208
13.06,0.0042
13.06,0.0007
13.05,0.0093
13.04,0.0045
13.03,0.0044
13.03,0.0097
13.02,0.0013
13.01,0.0025
13.01,0.0154
12.99,0.0041
12.99,0.0019
12.99,0.0039
12.99,0.0114
12.98,0.0085
12.98,0.0008
12.97,0.0047
12.96,0.0127
12.96,0.0081
12.95,0.0011
12.95,0.0137
12.94,0.0022
12.93,0.0045
12.93,0.0019
12.93,0.0023
12.92,0.0046
12.92,0.0105
12.91,0.0143
12.91,0.0139
12.90,0.0053
12.90,0.0030
12.89,0.0075
12.88,0.0001
12.88,0.0018
12.87,0.0050
12.85,0.0031
12.85,0.0011
12.84,0.0076
12.84,0.0006
12.84,0.0002
12.83,0.0034
12.83,0.0060
12.82,0.0017
12.82,0.0001
12.81,0.0020
12.81,0.0014
12.80,0.0002
12.79,0.0134
12.78,0.0029
12.78,0.0007
12.77,0.0040
12.77,0.0081
12.76,0.0031
12.75,0.0010
12.74,0.0002
12.74,0.0093
12.74,0.0142
12.72,0.0004
12.72,0.0029
12.72,0.0007
12.71,0.0065
12.71,0.0044
12.71,0.0117
12.70,0.0035
12.70,0.0001
12.69,0.0012
12.69,0.0216
12.68,0.0053
12.68,0.0022
12.68,0.0019
12.67,0.0126
12.67,0.0044
12.66,0.0078
12.65,0.0060
12.63,0.0011
12.63,0.0036
12.62,0.0003
12.62,0.0035
12.61,0.0146
12.60,0.0059
12.59,0.0039
12.59,0.0141
12.58,0.0075
12.58,0.0465
12.57,0.0002
12.56,0.0016
12.56,0.0017
12.55,0.0052
12.55,0.0049
12.54,0.0030
12.53,0.0083
12.52,0.0054
12.51,0.0006
12.50,0.0041
12.49,0.0009
12.49,0.0070
12.48,0.0057
12.47,0.0005
12.46,0.0015
12.46,0.0058
12.44,0.0117
12.44,0.0041
12.43,0.0090
12.42,0.0022
12.42,0.0022
12.41,0.0021
12.41,0.0001
12.38,0.0043
12.37,0.0053
12.35,0.0034
12.35,0.0012
12.33,0.0018
12.33,0.0055
12.32,0.0014
12.31,0.0050
12.31,0.0059
12.30,0.0027
12.29,0.0066
12.29,0.0064
12.28,0.0047
12.27,0.0028
12.24,0.0004
12.21,0.0015
12.20,0.0026
12.19,0.0057
12.18,0.0006
12.17,0.0072
12.16,0.0002
12.14,0.0028
12.13,0.0076
12.11,0.0011
12.09,0.0011
12.09,0.0045
12.08,0.0040
12.04,0.0015
12.04,0.0005
12.02,0.0037
12.01,0.0006
12.00,0.0050
11.99,0.0135
11.96,0.0009
11.92,0.0015
11.91,0.0036
11.89,0.0042
11.87,0.0027
11.85,0.0005
11.84,0.0186
11.82,0.0331
11.82,0.0799
11.80,0.0441
11.79,0.0006
11.79,0.0068
11.77,0.0023
11.77,0.0169
11.75,0.0056
11.73,0.0007
11.71,0.0027
11.68,0.0019
11.67,0.0137
11.67,0.0031
11.66,0.0002
11.66,0.0009
11.62,0.0032
11.62,0.0034
11.61,0.0009
11.59,0.0032
11.59,0.0085
11.58,0.0002
11.57,0.0083
11.57,0.0072
11.56,0.0041
11.53,0.0041
11.51,0.0008
11.50,0.0002
11.49,0.0188
11.49,0.0139
11.48,0.0012
11.48,0.0006
11.48,0.0005
11.44,0.0068
11.42,0.0089
11.40,0.0025
11.39,0.0326
11.39,0.0056
11.38,0.0035
11.38,0.0082
11.37,0.0020
11.37,0.0019
11.35,0.0298
11.34,0.0002
11.33,0.0167
11.30,0.0001
11.28,0.0000
11.27,0.0002
11.25,0.0001
11.24,0.0012
11.22,0.0004
11.21,0.0005
11.20,0.0001
11.19,0.0009
11.18,0.0107
11.16,0.0015
11.15,0.0036
11.13,0.0008
11.11,0.0110
11.10,0.0015
11.06,0.0036
11.04,0.0042
11.01,0.0007
11.00,0.0012
10.99,0.0018
10.98,0.0003
10.95,0.0001
10.93,0.0035
10.91,0.0318
10.91,0.0176
10.88,0.0004
10.88,0.0021
10.85,0.0001
10.85,0.0024
10.78,0.0008
10.77,0.0019
10.69,0.0008
10.68,0.0941
10.65,0.0014
10.62,0.0003
10.58,0.0173
10.57,0.0009
10.55,0.0021
10.54,0.0004
10.52,0.0025
10.47,0.0027
10.44,0.0002
10.40,0.0047
10.38,0.0266
10.38,0.0239
10.36,0.0057
10.33,0.0050
10.30,0.0026
10.27,0.0006
10.25,0.0036
10.19,0.0140
10.16,0.0088
10.14,0.0091
10.07,0.0011
10.04,0.0018
10.00,0.0094
9.98,0.0066
9.73,0.0001
9.66,0.0001
9.58,0.0000
9.53,0.0003
9.29,0.0002
9.23,0.0024
