225.16,0.0014
216.37,0.0035
210.89,0.6910
186.92,0.0101
174.24,0.0002
167.93,0.0042
166.49,0.0388
162.25,0.0014
159.17,0.0102
156.51,0.0617
154.51,0.0020
153.56,0.0264
151.33,0.0081
149.55,0.0052
148.96,0.0185
145.67,0.1019
145.57,0.0011
144.51,0.1074
140.90,0.0123
137.73,0.0493
136.88,0.0033
136.32,0.0121
132.94,0.0000
132.62,0.1085
131.10,0.0034
129.77,0.0536
129.13,0.0156
127.26,0.0565
127.20,0.0003
127.07,0.0000
126.78,0.0001
125.38,0.0299
124.49,0.0118
124.28,0.0052
123.62,0.0562
122.86,0.0092
122.56,0.0112
122.08,0.0022
120.93,0.0144
120.74,0.1027
119.50,0.0211
119.46,0.0038
118.99,0.0320
117.90,0.0032
117.16,0.0110
116.71,0.0209
116.67,0.0053
116.04,0.0141
115.53,0.0048
113.23,0.0001
113.04,0.0236
112.16,0.0074
110.88,0.1493
110.33,0.0013
110.20,0.0084
109.98,0.0002
109.92,0.0462
109.56,0.0402
109.49,0.0153
109.06,0.0247
108.67,0.0043
108.61,0.0238
107.94,0.0380
107.74,0.0027
107.13,0.0263
106.82,0.0047
106.54,0.0208
106.20,0.0054
106.14,0.0759
105.31,0.0119
105.27,0.0026
105.00,0.0171
104.76,0.0540
104.23,0.0001
103.88,0.0616
103.57,0.0265
102.80,0.0103
102.75,0.1517
102.20,0.0547
102.04,0.0003
101.51,0.0003
101.26,0.0223
101.18,0.0005
100.88,0.0873
100.41,0.0162
100.04,0.0033
99.59,0.0113
99.59,0.0152
99.02,0.0197
98.92,0.0000
98.32,0.0113
98.31,0.0341
97.92,0.0066
97.56,0.0187
97.50,0.0155
96.87,0.0280
96.85,0.0035
96.76,0.0016
96.58,0.0005
96.39,0.0096
96.02,0.0003
95.80,0.0718
95.58,0.0007
95.43,0.0369
95.35,0.0015
95.14,0.0919
94.97,0.0315
94.74,0.0990
94.37,0.0049
94.32,0.0863
93.92,0.0659
93.89,0.0291
93.64,0.0040
93.44,0.0244
93.31,0.0225
93.12,0.0009
92.83,0.0404
92.69,0.0130
92.45,0.0777
92.43,0.0135
92.15,0.0078
91.56,0.1460
91.47,0.0418
91.19,0.0113
91.08,0.0002
90.80,0.0164
90.68,0.0219
90.36,0.0474
90.31,0.0021
90.07,0.0170
89.99,0.0037
89.80,0.0451
89.56,0.0075
89.35,0.0275
89.27,0.0155
89.01,0.0143
88.93,0.0198
88.79,0.0001
88.63,0.1603
88.61,0.0195
88.25,0.1272
88.14,0.0502
87.67,0.0258
87.25,0.0187
87.21,0.0198
87.11,0.0054
87.09,0.0046
86.88,0.0021
86.76,0.0053
86.41,0.1264
86.29,0.0407
86.12,0.0095
86.08,0.0495
85.83,0.0067
85.72,0.0054
85.32,0.0055
85.22,0.0045
85.16,0.0021
84.89,0.0004
84.85,0.0661
84.75,0.0547
84.66,0.1108
84.63,0.0197
84.41,0.0035
84.19,0.0001
84.11,0.0521
83.88,0.0544
83.76,0.0686
83.68,0.0746
83.59,0.0602
83.45,0.0782
83.34,0.1180
83.16,0.0110
82.96,0.0030
82.93,0.0090
82.60,0.0302
82.52,0.1028
82.41,0.0008
82.23,0.0003
82.18,0.0314
82.10,0.0184
82.06,0.0143
81.89,0.0032
81.78,0.0508
81.73,0.1082
81.21,0.0165
81.14,0.0718
81.12,0.0000
81.06,0.0530
80.98,0.0098
80.94,0.0042
80.84,0.0195
80.81,0.0239
80.48,0.0034
80.45,0.0152
80.25,0.0449
80.13,0.0543
80.03,0.0004
79.95,0.0211
79.78,0.0251
79.76,0.0018
79.68,0.0409
79.40,0.0689
79.30,0.0146
79.16,0.0776
79.11,0.0387
78.91,0.0213
78.84,0.0392
78.83,0.0205
78.75,0.0088
78.52,0.0132
78.38,0.0516
78.34,0.0031
78.09,0.1706
77.98,0.1214
77.92,0.0076
77.83,0.0368
77.73,0.0139
77.60,0.0017
77.48,0.0081
77.40,0.0211
77.25,0.0022
77.12,0.0021
77.08,0.1710
76.98,0.0753
76.82,0.0042
76.79,0.0142
76.67,0.0272
76.67,0.0267
76.56,0.0077
76.36,0.0374
76.32,0.0005
76.32,0.0086
76.16,0.0112
76.07,0.1725
75.97,0.0021
75.85,0.0104
75.62,0.0495
75.54,0.0370
75.46,0.0017
75.30,0.0111
75.26,0.0701
75.23,0.0062
75.17,0.0083
75.07,0.0242
75.03,0.0007
74.90,0.0137
74.83,0.0097
74.78,0.0354
74.75,0.0206
74.71,0.0048
74.69,0.0012
74.41,0.1110
74.41,0.0434
74.35,0.0004
74.32,0.0029
74.24,0.0376
74.15,0.0108
73.94,0.0161
73.78,0.0241
73.72,0.0042
73.64,0.0005
73.42,0.0088
73.36,0.0117
73.22,0.0009
73.12,0.0464
73.06,0.0652
73.02,0.0594
73.01,0.0029
72.94,0.0736
72.88,0.0004
72.81,0.0050
72.75,0.0676
72.70,0.0028
72.58,0.0120
72.49,0.0490
72.43,0.0156
72.33,0.0519
72.33,0.0157
72.30,0.0027
72.22,0.0073
72.16,0.0764
72.09,0.0184
71.98,0.0022
71.86,0.0336
71.73,0.0716
71.70,0.0144
71.66,0.0171
71.55,0.0018
71.49,0.0215
71.45,0.0165
71.40,0.0351
71.38,0.0002
71.32,0.0167
71.16,0.0225
71.08,0.0124
71.06,0.0458
70.87,0.0086
70.74,0.0001
70.70,0.0122
70.70,0.0050
70.67,0.0049
70.60,0.0020
70.56,0.0632
70.49,0.0031
70.48,0.0008
70.44,0.0077
70.36,0.0300
70.31,0.0744
70.30,0.0093
70.23,0.0562
70.19,0.0045
70.07,0.0953
70.04,0.0152
69.99,0.0058
69.87,0.0002
69.82,0.0016
69.76,0.0080
69.70,0.0477
69.68,0.0019
69.58,0.0661
69.49,0.0246
69.42,0.0665
69.39,0.0000
69.34,0.0051
69.28,0.0048
69.24,0.0636
69.19,0.0377
69.17,0.0400
69.16,0.0245
69.07,0.0456
68.93,0.0399
68.91,0.0050
68.78,0.0471
68.71,0.0000
68.51,0.0767
68.48,0.0127
68.29,0.0550
68.26,0.0008
68.14,0.0169
68.11,0.0001
68.03,0.0447
67.99,0.0062
67.96,0.0293
67.89,0.0005
67.86,0.0367
67.83,0.0302
67.78,0.0205
67.71,0.0474
67.64,0.0087
67.58,0.0163
67.46,0.0003
67.41,0.0174
67.41,0.0628
67.37,0.0011
67.37,0.0261
67.31,0.0047
67.16,0.0997
67.03,0.0117
67.02,0.0656
66.86,0.0073
66.83,0.0248
66.75,0.0055
66.72,0.0197
66.65,0.0169
66.64,0.0038
66.58,0.1198
66.45,0.0297
66.38,0.0076
66.28,0.0608
66.22,0.0007
66.18,0.0478
66.13,0.0003
66.03,0.0004
65.99,0.0057
65.90,0.0006
65.84,0.0377
65.81,0.0228
65.68,0.0273
65.65,0.0041
65.57,0.0284
65.56,0.0344
65.49,0.0074
65.46,0.0007
65.38,0.0010
65.32,0.0303
65.24,0.0262
65.21,0.0317
65.19,0.0021
65.15,0.0103
65.14,0.0198
65.13,0.0018
65.10,0.0605
64.94,0.0078
64.88,0.0376
64.83,0.0180
64.74,0.0015
64.72,0.0392
64.69,0.0386
64.62,0.0270
64.58,0.0161
64.53,0.0002
64.47,0.0297
64.39,0.0194
64.35,0.0050
64.32,0.0001
64.23,0.0939
64.22,0.0066
64.16,0.0000
64.12,0.0394
64.00,0.0114
63.88,0.0408
63.85,0.0089
63.80,0.0070
63.77,0.0043
63.77,0.0478
63.67,0.0008
63.64,0.0063
63.58,0.0509
63.54,0.0052
63.54,0.0391
63.49,0.0003
63.41,0.0239
63.37,0.0049
63.35,0.0289
63.34,0.0820
63.32,0.0208
63.26,0.1576
63.23,0.0304
63.21,0.0536
63.11,0.0941
63.11,0.0086
63.02,0.0029
63.01,0.0160
62.92,0.0045
62.87,0.0056
62.85,0.0079
62.85,0.0252
62.79,0.0145
62.69,0.0916
62.65,0.0050
62.60,0.0221
62.58,0.0314
62.53,0.0005
62.51,0.0585
62.39,0.0100
62.37,0.0133
62.30,0.0096
62.28,0.0046
62.20,0.0111
62.17,0.0508
62.09,0.0102
62.08,0.0905
62.05,0.0336
61.92,0.0094
61.83,0.0171
61.76,0.0313
61.73,0.0579
61.73,0.0414
61.62,0.0059
61.54,0.0004
61.51,0.0081
61.46,0.1187
61.45,0.0834
61.26,0.0382
61.23,0.0107
61.13,0.0016
61.13,0.0011
61.08,0.0166
61.03,0.0531
60.98,0.0004
60.92,0.0072
60.91,0.0047
60.85,0.0268
60.74,0.0121
60.73,0.0190
60.70,0.0006
60.66,0.0040
60.56,0.0053
60.55,0.0260
60.50,0.0050
60.49,0.0001
60.45,0.0003
60.40,0.0124
60.37,0.0002
60.28,0.0057
60.28,0.0001
60.24,0.1027
60.20,0.0113
60.18,0.0280
60.15,0.0047
60.12,0.0299
60.10,0.0242
60.07,0.0024
59.98,0.0081
59.89,0.0143
59.82,0.0271
59.70,0.0109
59.69,0.0242
59.63,0.0006
59.60,0.0250
59.56,0.0094
59.56,0.0092
59.53,0.0077
59.45,0.0637
59.45,0.0099
59.41,0.0002
59.39,0.0147
59.23,0.0315
59.20,0.0035
59.19,0.0003
59.16,0.0092
59.10,0.0035
59.08,0.0158
59.06,0.0757
58.96,0.0058
58.94,0.0684
58.91,0.0019
58.87,0.0023
58.78,0.0004
58.77,0.0162
58.74,0.0131
58.71,0.0005
58.70,0.0084
58.68,0.0136
58.58,0.0102
58.56,0.0439
58.54,0.0074
58.53,0.0213
58.45,0.0258
58.39,0.0673
58.35,0.0004
58.33,0.0150
58.30,0.0054
58.26,0.0006
58.24,0.0053
58.16,0.0255
58.10,0.0003
58.07,0.0241
58.01,0.0106
58.00,0.0336
57.99,0.0712
57.87,0.0003
57.86,0.0013
57.83,0.0017
57.82,0.0118
57.79,0.0227
57.72,0.0043
57.70,0.0274
57.64,0.0025
57.62,0.0154
57.60,0.0034
57.58,0.0000
57.53,0.0023
57.43,0.0232
57.39,0.0002
57.35,0.0005
57.33,0.0245
57.21,0.0309
57.19,0.0317
57.09,0.0263
57.06,0.0008
57.05,0.0224
57.02,0.0056
57.01,0.0227
56.98,0.0167
56.92,0.0225
56.88,0.0101
56.87,0.0014
56.82,0.0443
56.78,0.0144
56.73,0.0558
56.72,0.0025
56.69,0.0255
56.67,0.0043
56.60,0.0128
56.55,0.0315
56.50,0.0092
56.47,0.0194
56.41,0.0027
56.40,0.0125
56.33,0.0020
56.29,0.0276
56.28,0.0501
56.23,0.0280
56.21,0.0209
56.16,0.0069
56.07,0.0406
56.06,0.0147
56.02,0.0107
55.99,0.0154
55.94,0.0370
55.89,0.0010
55.84,0.0001
55.79,0.0766
55.78,0.0226
55.72,0.0633
55.71,0.0507
55.70,0.0088
55.65,0.0174
55.58,0.0193
55.54,0.0049
55.49,0.0079
55.47,0.0009
55.43,0.0079
55.42,0.0614
55.38,0.0003
55.36,0.0137
55.34,0.0363
55.32,0.0000
55.26,0.0020
55.23,0.0198
55.15,0.0231
55.10,0.0247
55.08,0.0011
55.02,0.0386
55.01,0.0028
54.97,0.0545
54.90,0.0001
54.89,0.0135
54.88,0.0013
54.84,0.0237
54.77,0.0031
54.73,0.0122
54.73,0.0043
54.64,0.0023
54.62,0.0131
54.60,0.0003
54.56,0.0337
54.51,0.0407
54.49,0.0211
54.48,0.0165
54.42,0.0108
54.40,0.0019
54.39,0.0504
54.39,0.0028
54.29,0.0029
54.27,0.2359
54.22,0.0250
54.18,0.0001
54.18,0.0273
54.10,0.0373
54.08,0.0293
54.05,0.0785
54.03,0.0000
54.02,0.0307
53.99,0.0098
53.98,0.0012
53.92,0.0194
53.89,0.0005
53.84,0.0297
53.80,0.0016
53.76,0.0052
53.72,0.0086
53.69,0.0102
53.67,0.0449
53.66,0.0010
53.62,0.0061
53.58,0.0364
53.56,0.0449
53.51,0.0074
53.43,0.0090
53.41,0.0051
53.38,0.0016
53.36,0.0166
53.29,0.0504
53.29,0.0192
53.27,0.0016
53.20,0.0982
53.19,0.0055
53.15,0.0143
53.11,0.0139
53.09,0.0015
53.08,0.0079
53.08,0.0036
53.07,0.0336
52.99,0.0910
52.91,0.0183
52.91,0.0136
52.88,0.0023
52.82,0.0112
52.81,0.1116
52.74,0.0170
52.70,0.0138
52.69,0.0036
52.63,0.0265
52.61,0.0080
52.56,0.0012
52.55,0.0250
52.50,0.0869
52.43,0.0084
52.42,0.0000
52.39,0.0001
52.38,0.0241
52.35,0.0160
52.30,0.0057
52.24,0.0025
52.22,0.0123
52.18,0.0000
52.16,0.0148
52.12,0.0322
52.09,0.0002
52.08,0.0137
52.05,0.0071
52.01,0.0000
51.92,0.0294
51.88,0.0005
51.87,0.0004
51.85,0.0067
51.81,0.0051
51.76,0.0036
51.76,0.0028
51.71,0.0302
51.68,0.0006
51.61,0.0000
51.61,0.0005
51.56,0.0487
51.50,0.0093
51.47,0.0009
51.45,0.0261
51.42,0.0500
51.38,0.0154
51.33,0.0157
51.31,0.0066
51.24,0.0123
51.17,0.0165
51.17,0.0107
51.14,0.0050
51.14,0.0528
51.08,0.0110
51.08,0.0001
51.05,0.0086
50.98,0.0256
50.95,0.0885
50.94,0.0028
50.91,0.0002
50.90,0.0040
50.88,0.0268
50.83,0.0698
50.82,0.0192
50.78,0.0031
50.74,0.0122
50.71,0.0001
50.69,0.0172
50.67,0.0157
50.62,0.0022
50.59,0.0208
50.58,0.0250
50.55,0.0006
50.54,0.0123
50.51,0.0179
50.49,0.0066
50.47,0.0334
50.45,0.0001
50.43,0.0186
50.40,0.0146
50.36,0.0327
50.34,0.0001
50.32,0.0041
50.32,0.0198
50.27,0.0180
50.23,0.0120
50.17,0.0063
50.15,0.0071
50.05,0.0133
50.04,0.0089
49.98,0.0018
49.98,0.0001
49.92,0.0156
49.91,0.0263
49.87,0.0134
49.83,0.0751
49.83,0.0004
49.80,0.0015
49.78,0.0181
49.73,0.0046
49.71,0.0172
49.71,0.0000
49.70,0.0091
49.66,0.0023
49.64,0.0151
49.64,0.0203
49.54,0.0037
49.53,0.0036
49.50,0.0002
49.47,0.0074
49.44,0.0301
49.43,0.0255
49.41,0.0125
49.40,0.0002
49.35,0.0304
49.33,0.0002
49.30,0.0001
49.29,0.0196
49.26,0.0114
49.25,0.0200
49.19,0.0542
49.18,0.0470
49.15,0.0068
49.11,0.0324
49.09,0.0510
49.05,0.0392
49.01,0.0243
49.01,0.0107
48.95,0.0352
48.88,0.0359
48.88,0.0004
48.87,0.0349
48.83,0.0041
48.79,0.0231
48.79,0.0233
48.78,0.0031
48.77,0.0007
48.71,0.0298
48.68,0.0012
48.66,0.0015
48.63,0.0297
48.58,0.0253
48.58,0.0056
48.56,0.0139
48.56,0.0942
48.55,0.0002
48.50,0.0046
48.49,0.0069
48.44,0.0000
48.41,0.0057
48.39,0.0049
48.38,0.0147
48.36,0.0114
48.35,0.0148
48.30,0.0336
48.28,0.0015
48.19,0.0071
48.19,0.0123
48.18,0.0097
48.14,0.0478
48.14,0.0203
48.07,0.0311
48.07,0.0053
48.04,0.0000
48.02,0.0063
48.00,0.0239
47.97,0.0015
47.92,0.0049
47.91,0.0006
47.89,0.0232
47.84,0.0074
47.82,0.0014
47.80,0.0167
47.78,0.0008
47.76,0.0104
47.73,0.0001
47.73,0.0045
47.66,0.0435
47.64,0.0011
47.64,0.0098
47.59,0.0031
47.57,0.0405
47.55,0.0281
47.51,0.0004
47.50,0.0178
47.45,0.0500
47.43,0.0256
47.40,0.0016
47.40,0.0358
47.36,0.0396
47.32,0.0443
47.25,0.0303
47.20,0.0054
47.18,0.0134
47.17,0.0400
47.09,0.0001
47.08,0.0142
47.07,0.0093
47.06,0.0001
47.02,0.0021
47.02,0.0391
47.00,0.0002
46.99,0.0144
46.94,0.0078
46.92,0.0033
46.90,0.0035
46.85,0.0031
46.84,0.0292
46.80,0.0063
46.73,0.0209
46.72,0.0024
46.71,0.0149
46.69,0.0076
46.68,0.0052
46.64,0.0011
46.64,0.0020
46.59,0.0109
46.57,0.0026
46.56,0.0145
46.55,0.0031
46.53,0.0263
46.49,0.0273
46.49,0.0072
46.47,0.0094
46.46,0.0111
46.43,0.0171
46.41,0.0231
46.35,0.0260
46.34,0.0098
46.32,0.0006
46.29,0.0126
46.26,0.0280
46.24,0.0000
46.21,0.0038
46.17,0.0056
46.15,0.0037
46.15,0.0425
46.11,0.0154
46.10,0.0035
46.06,0.0091
46.06,0.0042
46.01,0.0067
45.98,0.0027
45.97,0.0062
45.95,0.0104
45.92,0.0001
45.89,0.0052
45.88,0.0008
45.87,0.0127
45.85,0.0008
45.81,0.0540
45.78,0.0057
45.75,0.0004
45.73,0.0099
45.67,0.0254
45.65,0.0006
45.64,0.0026
45.57,0.0107
45.55,0.0029
45.53,0.0157
45.52,0.0071
45.48,0.0078
45.44,0.0485
45.43,0.0140
45.39,0.0003
45.39,0.0113
45.36,0.0098
45.32,0.0141
45.29,0.0023
45.25,0.0173
45.23,0.0176
45.18,0.0083
45.16,0.0038
45.11,0.0144
45.11,0.0035
45.09,0.0340
45.06,0.0002
45.04,0.0123
44.98,0.0024
44.96,0.0222
44.94,0.0561
44.91,0.0002
44.90,0.0086
44.89,0.0035
44.86,0.0285
44.86,0.0096
44.83,0.0062
44.79,0.0171
44.77,0.0295
44.69,0.0464
44.68,0.0001
44.66,0.0013
44.63,0.0128
44.62,0.0066
44.57,0.0181
44.57,0.0215
44.54,0.0075
44.50,0.0129
44.50,0.0197
44.46,0.0011
44.44,0.0052
44.41,0.0365
44.41,0.0043
44.40,0.0001
44.39,0.0236
44.37,0.0033
44.34,0.0051
44.29,0.0004
44.28,0.0130
44.26,0.0080
44.24,0.0075
44.21,0.0077
44.18,0.0000
44.18,0.0326
44.17,0.0002
44.14,0.0273
44.07,0.0088
44.06,0.0007
44.03,0.0043
44.03,0.0185
43.98,0.0183
43.98,0.0120
43.97,0.0044
43.94,0.0035
43.92,0.0149
43.91,0.0057
43.89,0.0264
43.83,0.0000
43.83,0.0172
43.82,0.0140
43.80,0.0001
43.80,0.0099
43.77,0.0108
43.73,0.0017
43.73,0.0027
43.69,0.0004
43.69,0.0180
43.67,0.0021
43.62,0.0124
43.62,0.0293
43.60,0.0480
43.57,0.0102
43.54,0.0065
43.54,0.0387
43.51,0.2040
43.49,0.0015
43.46,0.0205
43.43,0.0012
43.39,0.0332
43.37,0.0078
43.37,0.0059
43.32,0.0165
43.31,0.0006
43.30,0.0018
43.29,0.0036
43.27,0.0003
43.23,0.0039
43.21,0.0014
43.20,0.0288
43.15,0.0344
43.11,0.0101
43.11,0.0003
43.08,0.0030
43.06,0.0155
43.05,0.0022
43.02,0.0015
43.00,0.0047
42.97,0.0063
42.95,0.0057
42.94,0.0448
42.89,0.0014
42.88,0.0000
42.86,0.0032
42.85,0.0256
42.80,0.0102
42.80,0.0052
42.72,0.0049
42.72,0.0205
42.71,0.0015
42.69,0.0007
42.68,0.0266
42.66,0.0105
42.61,0.0000
42.60,0.0296
42.57,0.0153
42.53,0.0020
42.51,0.0080
42.48,0.0217
42.43,0.0061
42.42,0.0098
42.37,0.0207
42.35,0.0068
42.30,0.0293
42.29,0.0047
42.27,0.0302
42.25,0.0063
42.21,0.0099
42.19,0.0324
42.15,0.0257
42.12,0.0089
42.10,0.0039
42.09,0.0017
42.05,0.0033
42.04,0.0994
42.01,0.0003
42.01,0.0019
41.97,0.0036
41.93,0.0006
41.93,0.0200
41.92,0.0019
41.90,0.0374
41.90,0.0045
41.89,0.0015
41.87,0.0000
41.84,0.0158
41.81,0.0030
41.81,0.0043
41.79,0.0096
41.79,0.0033
41.73,0.0069
41.71,0.0005
41.70,0.0194
41.70,0.0065
41.66,0.0010
41.61,0.0000
41.59,0.0105
41.59,0.0120
41.56,0.0121
41.55,0.0239
41.51,0.0376
41.51,0.0002
41.47,0.0067
41.42,0.0006
41.42,0.0056
41.42,0.0196
41.38,0.0030
41.36,0.0016
41.32,0.0028
41.29,0.0017
41.26,0.0063
41.24,0.0017
41.24,0.0000
41.21,0.0104
41.19,0.0082
41.15,0.0393
41.14,0.0204
41.10,0.0495
41.07,0.0285
41.05,0.0379
41.01,0.0053
41.01,0.0095
40.98,0.0104
40.97,0.0036
40.96,0.0008
40.93,0.0005
40.91,0.0016
40.90,0.0109
40.86,0.0504
40.84,0.0069
40.82,0.0122
40.80,0.0243
40.78,0.0174
40.75,0.0007
40.75,0.0040
40.74,0.0011
40.72,0.0280
40.68,0.0127
40.66,0.0003
40.64,0.0001
40.59,0.0003
40.57,0.0321
40.57,0.0001
40.56,0.0037
40.51,0.0057
40.48,0.0000
40.45,0.0201
40.45,0.0000
40.44,0.0154
40.42,0.0181
40.42,0.0022
40.41,0.0073
40.38,0.0402
40.34,0.0186
40.31,0.0101
40.27,0.0151
40.27,0.0081
40.24,0.0129
40.21,0.0036
40.19,0.0053
40.18,0.0100
40.14,0.0086
40.13,0.0033
40.12,0.0188
40.09,0.0008
40.08,0.0002
40.08,0.0325
40.04,0.0038
40.04,0.0100
40.00,0.0244
39.99,0.0051
39.98,0.0041
39.98,0.0178
39.96,0.0000
39.94,0.0014
39.92,0.0046
39.90,0.0017
39.90,0.0144
39.86,0.0000
39.85,0.0003
39.84,0.0066
39.81,0.0416
39.81,0.0029
39.80,0.0036
39.77,0.0006
39.74,0.0166
39.70,0.0007
39.69,0.0026
39.66,0.0290
39.63,0.0142
39.63,0.0008
39.61,0.0032
39.59,0.0046
39.57,0.0001
39.54,0.0004
39.53,0.0043
39.50,0.0066
39.48,0.0016
39.46,0.0128
39.44,0.0065
39.43,0.0066
39.40,0.0116
39.37,0.0101
39.35,0.0017
39.34,0.0018
39.31,0.0110
39.28,0.0303
39.26,0.0032
39.24,0.0062
39.20,0.0030
39.19,0.0004
39.17,0.0097
39.17,0.0000
39.15,0.0035
39.14,0.0015
39.12,0.0014
39.10,0.0039
39.09,0.0043
39.06,0.0137
39.04,0.0079
39.03,0.0065
39.00,0.0009
39.00,0.0361
38.99,0.0055
38.98,0.0012
38.93,0.0048
38.93,0.0056
38.90,0.0001
38.89,0.0260
38.88,0.0033
38.86,0.0002
38.85,0.0036
38.85,0.0126
38.81,0.0116
38.77,0.0029
38.70,0.0460
38.68,0.0136
38.66,0.0011
38.62,0.0080
38.58,0.0054
38.56,0.0136
38.53,0.0096
38.53,0.0045
38.49,0.0024
38.49,0.0002
38.48,0.0001
38.46,0.0228
38.44,0.0117
38.43,0.0087
38.41,0.0085
38.39,0.0059
38.37,0.0009
38.36,0.0049
38.34,0.0003
38.33,0.0026
38.28,0.0036
38.27,0.0024
38.25,0.0015
38.24,0.0019
38.20,0.0009
38.18,0.0000
38.17,0.0112
38.15,0.0012
38.10,0.0032
38.10,0.0133
38.07,0.0105
38.05,0.0035
38.04,0.0065
38.02,0.0001
38.01,0.0199
37.97,0.0162
37.97,0.0054
37.96,0.0311
37.94,0.0087
37.92,0.0052
37.91,0.0003
37.89,0.0028
37.85,0.0148
37.84,0.0046
37.83,0.0029
37.81,0.0158
37.77,0.0086
37.76,0.0122
37.75,0.0042
37.73,0.0109
37.72,0.0001
37.70,0.0114
37.67,0.0145
37.66,0.0178
37.66,0.0075
37.61,0.0066
37.59,0.0012
37.56,0.0087
37.54,0.0030
37.51,0.0014
37.50,0.0316
37.50,0.0065
37.50,0.0133
37.47,0.0008
37.45,0.0346
37.44,0.0015
37.41,0.0016
37.40,0.0002
37.39,0.0006
37.36,0.0011
37.35,0.0016
37.32,0.0073
37.32,0.0074
37.24,0.0117
37.23,0.0069
37.22,0.0011
37.20,0.0177
37.18,0.0009
37.18,0.0022
37.15,0.0375
37.14,0.0021
37.13,0.0029
37.10,0.0025
37.07,0.0328
37.05,0.0104
37.03,0.0221
37.00,0.0034
37.00,0.0000
36.99,0.0037
36.98,0.0183
36.97,0.0316
36.96,0.0047
36.95,0.0116
36.91,0.0292
36.88,0.0005
36.87,0.0054
36.84,0.0010
36.83,0.0002
36.83,0.0024
36.81,0.0029
36.80,0.0039
36.79,0.0136
36.73,0.0000
36.72,0.0028
36.70,0.0019
36.68,0.0316
36.66,0.0076
36.64,0.0019
36.63,0.0418
36.62,0.0125
36.59,0.0058
36.55,0.0177
36.54,0.0192
36.49,0.0031
36.49,0.0140
36.45,0.0245
36.44,0.0013
36.41,0.0032
36.39,0.0104
36.36,0.0019
36.35,0.0040
36.32,0.0019
36.32,0.0001
36.27,0.0021
36.27,0.0068
36.24,0.0098
36.24,0.0098
36.22,0.0111
36.21,0.0001
36.20,0.0088
36.19,0.0131
36.18,0.0124
36.16,0.0050
36.13,0.0072
36.12,0.0006
36.08,0.0004
36.07,0.0059
36.03,0.0000
36.02,0.0007
36.01,0.0056
35.98,0.0060
35.95,0.0043
35.94,0.0002
35.94,0.0132
35.89,0.0005
35.89,0.0003
35.86,0.0028
35.86,0.0034
35.85,0.0160
35.79,0.0083
35.78,0.0379
35.76,0.0022
35.74,0.0018
35.73,0.0041
35.70,0.0076
35.69,0.0014
35.67,0.0076
35.67,0.0006
35.67,0.0020
35.65,0.0129
35.64,0.0039
35.63,0.0026
35.63,0.0040
35.61,0.0048
35.61,0.0030
35.57,0.0172
35.55,0.0236
35.52,0.0047
35.51,0.0012
35.50,0.0001
35.48,0.0135
35.47,0.0074
35.45,0.0042
35.40,0.0020
35.38,0.0003
35.35,0.0025
35.34,0.0000
35.32,0.0022
35.27,0.0003
35.26,0.0056
35.25,0.0016
35.24,0.0064
35.21,0.0074
35.21,0.0071
35.19,0.0055
35.16,0.0119
35.13,0.0007
35.12,0.0210
35.11,0.0020
35.08,0.0106
35.07,0.0020
35.06,0.0059
35.02,0.0010
35.00,0.0033
35.00,0.0001
34.99,0.0029
34.97,0.0017
34.95,0.0002
34.94,0.0045
34.92,0.0016
34.90,0.0018
34.89,0.0059
34.86,0.0004
34.84,0.0064
34.83,0.0056
34.82,0.0020
34.82,0.0024
34.81,0.0003
34.77,0.0037
34.77,0.0063
34.76,0.0125
34.74,0.0002
34.70,0.0022
34.70,0.0175
34.65,0.0030
34.65,0.0095
34.64,0.0043
34.58,0.0051
34.57,0.0095
34.56,0.0090
34.55,0.0124
34.55,0.0253
34.53,0.0002
34.51,0.0041
34.51,0.0024
34.48,0.0042
34.46,0.0035
34.42,0.0006
34.41,0.0056
34.37,0.0017
34.34,0.0233
34.33,0.0032
34.31,0.0079
34.29,0.0391
34.28,0.0044
34.27,0.0160
34.25,0.0041
34.25,0.0006
34.23,0.0064
34.22,0.0033
34.20,0.0002
34.18,0.0177
34.18,0.0067
34.17,0.0011
34.16,0.0019
34.12,0.0056
34.08,0.0139
34.07,0.0038
34.06,0.0023
34.04,0.0000
34.02,0.0107
34.00,0.0000
33.98,0.0072
33.98,0.0039
33.97,0.0031
33.95,0.0025
33.92,0.0033
33.90,0.0013
33.89,0.0000
33.89,0.0011
33.85,0.0163
33.85,0.0012
33.83,0.0056
33.80,0.0236
33.79,0.0022
33.79,0.0064
33.79,0.0133
33.74,0.0018
33.74,0.0056
33.70,0.0028
33.68,0.0089
33.66,0.0022
33.65,0.0005
33.62,0.0078
33.61,0.0018
33.61,0.0114
33.61,0.0011
33.59,0.0000
33.57,0.0231
33.56,0.0055
33.55,0.0101
33.52,0.0030
33.47,0.0110
33.46,0.0339
33.45,0.0093
33.44,0.0067
33.41,0.0045
33.38,0.0196
33.34,0.0129
33.34,0.0117
33.33,0.0028
33.32,0.0299
33.30,0.0034
33.29,0.0042
33.28,0.0069
33.23,0.0029
33.22,0.0043
33.21,0.0028
33.18,0.0022
33.17,0.0064
33.15,0.0048
33.14,0.0096
33.14,0.0005
33.12,0.0012
33.09,0.0372
33.08,0.0197
33.03,0.0031
33.03,0.0001
33.00,0.0000
32.97,0.0032
32.95,0.0080
32.94,0.0014
32.92,0.0026
32.92,0.0006
32.88,0.0025
32.88,0.0178
32.88,0.0021
32.86,0.0094
32.84,0.0058
32.83,0.0185
32.78,0.0006
32.76,0.0027
32.75,0.0002
32.71,0.0009
32.68,0.0055
32.67,0.0079
32.66,0.0010
32.65,0.0295
32.62,0.0296
32.61,0.0011
32.58,0.0001
32.58,0.0063
32.55,0.0117
32.54,0.0116
32.52,0.0117
32.52,0.0004
32.49,0.0065
32.46,0.0189
32.46,0.0012
32.43,0.0009
32.41,0.0054
32.40,0.0104
32.38,0.0299
32.37,0.0010
32.36,0.0190
32.34,0.0009
32.33,0.0047
32.28,0.0057
32.27,0.0056
32.22,0.0023
32.22,0.0047
32.22,0.0092
32.21,0.0006
32.20,0.0005
32.19,0.0064
32.17,0.0098
32.16,0.0098
32.13,0.0004
32.11,0.0193
32.09,0.0012
32.09,0.0003
32.08,0.0058
32.07,0.0071
32.04,0.0018
32.03,0.0013
32.01,0.0007
31.99,0.0000
31.98,0.0009
31.97,0.0048
31.95,0.0202
31.94,0.0152
31.93,0.0054
31.92,0.0019
31.90,0.0007
31.89,0.0026
31.84,0.0027
31.79,0.0090
31.78,0.0013
31.75,0.0082
31.68,0.0012
31.68,0.0043
31.67,0.0027
31.66,0.0045
31.64,0.0086
31.64,0.0126
31.61,0.0023
31.60,0.0051
31.60,0.0031
31.59,0.0039
31.54,0.0032
31.53,0.0001
31.51,0.0006
31.49,0.0101
31.49,0.0000
31.48,0.0033
31.43,0.0049
31.42,0.0143
31.38,0.0076
31.36,0.0132
31.35,0.0063
31.32,0.0021
31.24,0.0013
31.23,0.0000
31.22,0.0032
31.20,0.0035
31.18,0.0031
31.18,0.0002
31.14,0.0015
31.12,0.0002
31.10,0.0051
31.08,0.0034
31.05,0.0063
31.05,0.0094
31.04,0.0031
31.02,0.0063
31.01,0.0011
31.01,0.0000
30.98,0.0101
30.96,0.0064
30.95,0.0030
30.94,0.0013
30.93,0.0032
30.91,0.0043
30.91,0.0017
30.91,0.0053
30.89,0.0024
30.88,0.0112
30.86,0.0034
30.85,0.0062
30.83,0.0020
30.80,0.0000
30.79,0.0044
30.78,0.0106
30.75,0.0036
30.74,0.0049
30.73,0.0035
30.72,0.0052
30.71,0.0030
30.65,0.0018
30.63,0.0120
30.58,0.0032
30.58,0.0025
30.56,0.0064
30.55,0.0015
30.52,0.0046
30.51,0.0046
30.49,0.0002
30.47,0.0010
30.47,0.0030
30.45,0.0000
30.43,0.0075
30.43,0.0050
30.42,0.0030
30.41,0.0012
30.39,0.0038
30.36,0.0029
30.36,0.0012
30.31,0.0031
30.30,0.0005
30.26,0.0004
30.26,0.0028
30.26,0.0161
30.25,0.0060
30.22,0.0007
30.22,0.0086
30.19,0.0084
30.17,0.0085
30.17,0.0046
30.15,0.0274
30.13,0.0004
30.11,0.0045
30.10,0.0140
30.04,0.0209
30.03,0.0002
30.00,0.0013
30.00,0.0248
29.98,0.0052
29.97,0.0050
29.93,0.0013
29.93,0.0046
29.92,0.0002
29.91,0.0078
29.88,0.0011
29.87,0.0002
29.87,0.0007
29.85,0.0046
29.84,0.0023
29.84,0.0042
29.81,0.0139
29.81,0.0004
29.81,0.0241
29.78,0.0089
29.74,0.0121
29.73,0.0000
29.72,0.0012
29.72,0.0048
29.70,0.0076
29.68,0.0045
29.65,0.0006
29.64,0.0002
29.64,0.0019
29.62,0.0016
29.62,0.0012
29.60,0.0021
29.60,0.0154
29.58,0.0134
29.55,0.0002
29.53,0.0053
29.52,0.0131
29.47,0.0046
29.43,0.0083
29.41,0.0011
29.39,0.0029
29.39,0.0044
29.37,0.0049
29.35,0.0110
29.34,0.0032
29.33,0.0020
29.30,0.0124
29.28,0.0084
29.26,0.0028
29.25,0.0013
29.25,0.0029
29.23,0.0056
29.23,0.0046
29.20,0.0031
29.18,0.0005
29.14,0.0069
29.12,0.0025
29.11,0.0007
29.10,0.0009
29.09,0.0056
29.09,0.0043
29.07,0.0028
29.04,0.0154
28.99,0.0012
28.97,0.0000
28.97,0.0006
28.96,0.0175
28.95,0.0001
28.93,0.0011
28.92,0.0031
28.91,0.0014
28.89,0.0070
28.86,0.0005
28.86,0.0004
28.84,0.0069
28.80,0.0004
28.79,0.0103
28.78,0.0054
28.77,0.0027
28.74,0.0010
28.74,0.0003
28.71,0.0037
28.70,0.0047
28.69,0.0000
28.68,0.0003
28.66,0.0081
28.66,0.0036
28.62,0.0015
28.62,0.0056
28.61,0.0004
28.58,0.0022
28.56,0.0053
28.56,0.0048
28.54,0.0006
28.54,0.0070
28.53,0.0086
28.52,0.0074
28.47,0.0004
28.45,0.0004
28.44,0.0097
28.37,0.0058
28.36,0.0008
28.35,0.0031
28.33,0.0035
28.31,0.0004
28.27,0.0078
28.26,0.0144
28.23,0.0006
28.21,0.0029
28.21,0.0132
28.18,0.0010
28.18,0.0000
28.17,0.0078
28.16,0.0015
28.15,0.0030
28.15,0.0003
28.12,0.0206
28.10,0.0185
28.08,0.0000
28.05,0.0048
28.05,0.0119
28.02,0.0009
28.02,0.0067
28.01,0.0003
27.98,0.0000
27.98,0.0005
27.97,0.0047
27.96,0.0047
27.90,0.0227
27.89,0.0076
27.87,0.0231
27.84,0.0081
27.82,0.0052
27.80,0.0189
27.75,0.0023
27.73,0.0014
27.72,0.0100
27.71,0.0217
27.70,0.0073
27.67,0.0029
27.67,0.0184
27.64,0.0065
27.61,0.0004
27.61,0.0013
27.59,0.0063
27.56,0.0000
27.56,0.0007
27.55,0.0000
27.54,0.0057
27.53,0.0002
27.53,0.0000
27.48,0.0100
27.48,0.0019
27.44,0.0663
27.43,0.0015
27.42,0.0033
27.41,0.0037
27.38,0.0001
27.36,0.0132
27.34,0.0108
27.34,0.0011
27.32,0.0395
27.29,0.0020
27.27,0.0045
27.25,0.0039
27.24,0.0002
27.24,0.0059
27.22,0.0010
27.20,0.0000
27.18,0.0021
27.16,0.0053
27.12,0.0100
27.12,0.0071
27.11,0.0005
27.10,0.0049
27.07,0.0020
27.06,0.0152
27.05,0.0035
27.00,0.0036
26.98,0.0074
26.97,0.0000
26.95,0.0000
26.94,0.0057
26.93,0.0078
26.90,0.0009
26.89,0.0001
26.88,0.0004
26.87,0.0046
26.84,0.0048
26.83,0.0015
26.80,0.0021
26.78,0.0079
26.76,0.0045
26.76,0.0025
26.75,0.0025
26.71,0.0086
26.69,0.0005
26.68,0.0097
26.67,0.0154
26.65,0.0034
26.65,0.0026
26.62,0.0030
26.60,0.0022
26.59,0.0009
26.56,0.0002
26.56,0.0027
26.55,0.0028
26.50,0.0241
26.48,0.0106
26.45,0.0114
26.42,0.0392
26.42,0.0108
26.40,0.0001
26.39,0.0004
26.39,0.0001
26.38,0.0051
26.38,0.0008
26.36,0.0047
26.35,0.0094
26.34,0.0092
26.32,0.0033
26.29,0.0018
26.28,0.0011
26.28,0.0020
26.27,0.0039
26.22,0.0080
26.18,0.0019
26.17,0.0064
26.15,0.0054
26.14,0.0010
26.13,0.0016
26.11,0.0135
26.11,0.0026
26.10,0.0030
26.08,0.0113
26.08,0.0013
26.06,0.0063
26.03,0.0123
26.03,0.0087
26.01,0.0029
26.00,0.0006
25.99,0.0078
25.99,0.0180
25.97,0.0023
25.97,0.0073
25.96,0.0049
25.93,0.0022
25.91,0.0082
25.91,0.0164
25.91,0.0068
25.88,0.0025
25.87,0.0093
25.86,0.0007
25.84,0.0008
25.84,0.0020
25.83,0.0154
25.82,0.0003
25.79,0.0087
25.75,0.0005
25.74,0.0068
25.73,0.0009
25.72,0.0002
25.68,0.0002
25.68,0.0001
25.67,0.0000
25.66,0.0036
25.65,0.0012
25.64,0.0088
25.63,0.0002
25.63,0.0000
25.61,0.0220
25.60,0.0011
25.59,0.0010
25.56,0.0035
25.54,0.0031
25.50,0.0008
25.47,0.0031
25.47,0.0172
25.46,0.0017
25.46,0.0032
25.46,0.0041
25.45,0.0050
25.38,0.0078
25.38,0.0123
25.36,0.0001
25.35,0.0009
25.35,0.0063
25.32,0.0047
25.27,0.0206
25.25,0.0214
25.23,0.0033
25.23,0.0063
25.23,0.0092
25.21,0.0026
25.19,0.0017
25.18,0.0024
25.17,0.0010
25.17,0.0019
25.12,0.0007
25.09,0.0027
25.05,0.0001
25.04,0.0074
25.04,0.0131
25.04,0.0021
25.01,0.0011
25.01,0.0000
25.00,0.0008
24.97,0.0035
24.96,0.0505
24.95,0.0011
24.94,0.0044
24.92,0.0084
24.91,0.0002
24.88,0.0023
24.87,0.0007
24.86,0.0079
24.83,0.0078
24.82,0.0007
24.80,0.0007
24.76,0.0010
24.75,0.0000
24.75,0.0015
24.73,0.0001
24.70,0.0007
24.66,0.0084
24.66,0.0068
24.64,0.0075
24.61,0.0000
24.59,0.0274
24.58,0.0035
24.58,0.0023
24.56,0.0016
24.53,0.0025
24.53,0.0176
24.53,0.0035
24.52,0.0021
24.50,0.0002
24.49,0.0098
24.49,0.0389
24.48,0.0003
24.46,0.0036
24.43,0.0114
24.43,0.0002
24.40,0.0037
24.37,0.0024
24.37,0.0021
24.34,0.0172
24.33,0.0056
24.31,0.0013
24.27,0.0039
24.25,0.0011
24.25,0.0088
24.24,0.0041
24.24,0.0024
24.22,0.0034
24.19,0.0004
24.18,0.0021
24.17,0.0001
24.16,0.0006
24.15,0.0116
24.15,0.0043
24.14,0.0157
24.13,0.0029
24.11,0.0099
24.11,0.0001
24.08,0.0043
24.08,0.0231
24.07,0.0195
24.05,0.0000
24.04,0.0037
24.02,0.0030
24.00,0.0111
23.96,0.0002
23.96,0.0094
23.94,0.0001
23.94,0.0010
23.92,0.0009
23.90,0.0570
23.89,0.0022
23.86,0.0094
23.84,0.0034
23.81,0.0002
23.81,0.0028
23.80,0.0015
23.78,0.0165
23.77,0.0071
23.72,0.0001
23.72,0.0003
23.71,0.0028
23.70,0.0004
23.69,0.0130
23.68,0.0065
23.65,0.0360
23.63,0.0212
23.63,0.0009
23.60,0.0030
23.58,0.0082
23.58,0.0735
23.58,0.0012
23.57,0.0026
23.55,0.0557
23.54,0.0059
23.53,0.0000
23.51,0.0838
23.49,0.0227
23.47,0.0444
23.44,0.0034
23.43,0.0168
23.41,0.0042
23.39,0.0109
23.38,0.0003
23.38,0.0026
23.37,0.1004
23.34,0.0026
23.33,0.0007
23.32,0.1067
23.31,0.0022
23.29,0.0191
23.28,0.0066
23.27,0.0069
23.25,0.0000
23.23,0.0110
23.22,0.0035
23.22,0.0091
23.21,0.0259
23.20,0.0000
23.20,0.0365
23.18,0.0006
23.14,0.0035
23.14,0.0129
23.13,0.0202
23.11,0.0088
23.09,0.0103
23.08,0.0023
23.07,0.0073
23.05,0.0140
23.05,0.0158
23.05,0.0038
23.03,0.0052
23.02,0.0095
23.00,0.0153
23.00,0.0079
22.98,0.0001
22.97,0.0191
22.97,0.0222
22.96,0.0251
22.93,0.0064
22.93,0.0215
22.93,0.0004
22.90,0.0000
22.90,0.0034
22.90,0.0002
22.86,0.0020
22.86,0.0012
22.84,0.0018
22.84,0.0151
22.83,0.0001
22.80,0.0013
22.79,0.0034
22.78,0.0049
22.77,0.0507
22.76,0.0171
22.75,0.0015
22.73,0.0075
22.73,0.0003
22.71,0.0013
22.68,0.0001
22.68,0.0023
22.64,0.0220
22.63,0.0120
22.62,0.0046
22.61,0.0137
22.60,0.0117
22.59,0.0099
22.57,0.0451
22.56,0.0034
22.55,0.0017
22.52,0.0054
22.51,0.0124
22.47,0.0003
22.46,0.0220
22.46,0.0035
22.44,0.0010
22.43,0.0074
22.43,0.0060
22.42,0.0028
22.41,0.0156
22.40,0.0051
22.39,0.0057
22.37,0.0019
22.37,0.0081
22.36,0.0230
22.34,0.0038
22.32,0.0067
22.32,0.0043
22.32,0.0000
22.30,0.0060
22.27,0.0014
22.26,0.0026
22.26,0.0001
22.25,0.0013
22.24,0.0171
22.23,0.0017
22.23,0.0032
22.22,0.0061
22.21,0.0195
22.18,0.0018
22.17,0.0002
22.16,0.0030
22.13,0.0007
22.12,0.0026
22.12,0.0071
22.11,0.0101
22.10,0.0501
22.08,0.0022
22.07,0.0079
22.06,0.0062
22.05,0.0047
22.04,0.0248
22.03,0.0606
22.03,0.0058
22.02,0.0092
21.99,0.0066
21.97,0.0177
21.96,0.0048
21.95,0.0042
21.94,0.0010
21.92,0.0067
21.91,0.0180
21.91,0.0133
21.91,0.0212
21.89,0.0095
21.89,0.0021
21.87,0.0013
21.86,0.0022
21.86,0.0016
21.85,0.0156
21.84,0.0070
21.84,0.0002
21.83,0.0022
21.83,0.0043
21.81,0.0193
21.79,0.0170
21.76,0.0002
21.76,0.0038
21.74,0.0026
21.74,0.0025
21.73,0.0062
21.72,0.0144
21.71,0.0067
21.70,0.0000
21.69,0.0031
21.69,0.0000
21.68,0.0350
21.67,0.0048
21.66,0.0000
21.65,0.0001
21.64,0.0022
21.62,0.0031
21.58,0.0009
21.57,0.0006
21.55,0.0167
21.52,0.0024
21.52,0.0005
21.52,0.0032
21.50,0.0050
21.49,0.0009
21.46,0.0003
21.44,0.0034
21.44,0.0005
21.42,0.0063
21.42,0.0053
21.41,0.0004
21.40,0.0051
21.40,0.0019
21.38,0.0001
21.37,0.0113
21.36,0.0103
21.36,0.0168
21.35,0.0212
21.34,0.0108
21.32,0.0003
21.32,0.0055
21.32,0.0000
21.30,0.0116
21.30,0.0032
21.28,0.0064
21.23,0.0046
21.22,0.0172
21.20,0.0049
21.19,0.0063
21.18,0.0108
21.18,0.0000
21.16,0.0419
21.15,0.0164
21.14,0.0000
21.14,0.0064
21.14,0.0038
21.13,0.0377
21.13,0.0100
21.12,0.0062
21.11,0.0002
21.11,0.0106
21.10,0.0016
21.09,0.0044
21.08,0.0029
21.08,0.0042
21.07,0.0018
21.06,0.0159
21.04,0.0083
21.03,0.0162
21.01,0.0257
21.01,0.0021
21.00,0.0138
20.98,0.0020
20.97,0.0002
20.96,0.0170
20.95,0.0059
20.93,0.0000
20.92,0.0083
20.91,0.0306
20.90,0.0015
20.89,0.0015
20.88,0.0014
20.86,0.0033
20.84,0.0052
20.82,0.0747
20.81,0.0031
20.80,0.0309
20.80,0.0066
20.78,0.0142
20.78,0.0009
20.77,0.0009
20.76,0.0089
20.76,0.0001
20.75,0.0069
20.75,0.0000
20.74,0.0018
20.73,0.0177
20.72,0.0054
20.70,0.0120
20.69,0.0045
20.68,0.0048
20.66,0.0038
20.64,0.0012
20.64,0.0014
20.62,0.0166
20.62,0.0095
20.59,0.0029
20.59,0.0001
20.58,0.0063
20.56,0.0002
20.55,0.0020
20.53,0.0007
20.51,0.0017
20.51,0.0003
20.50,0.0046
20.49,0.0038
20.47,0.0123
20.47,0.0217
20.46,0.0199
20.45,0.0124
20.45,0.0077
20.45,0.0000
20.43,0.0055
20.42,0.0023
20.41,0.0004
20.40,0.0000
20.39,0.0019
20.38,0.0090
20.37,0.0010
20.36,0.0001
20.35,0.0012
20.33,0.0034
20.32,0.0010
20.32,0.0027
20.31,0.0217
20.29,0.0037
20.29,0.0001
20.28,0.0011
20.27,0.0049
20.26,0.0058
20.25,0.0086
20.24,0.0189
20.23,0.0013
20.22,0.1116
20.18,0.0020
20.18,0.0030
20.17,0.0039
20.16,0.0043
20.15,0.0197
20.14,0.0153
20.13,0.0215
20.13,0.0055
20.11,0.0018
20.11,0.0134
20.10,0.0009
20.09,0.0077
20.08,0.0013
20.07,0.0123
20.06,0.0147
20.04,0.0038
20.03,0.0168
20.03,0.0021
20.02,0.0062
20.02,0.0040
20.01,0.0035
20.00,0.0109
19.98,0.0036
19.97,0.0099
19.95,0.0336
19.94,0.0121
19.93,0.0044
19.93,0.0013
19.92,0.0003
19.91,0.0019
19.90,0.0010
19.89,0.0054
19.88,0.0006
19.87,0.0001
19.86,0.0065
19.85,0.0034
19.85,0.0034
19.83,0.0028
19.83,0.0067
19.83,0.0060
19.81,0.0005
19.80,0.0012
19.78,0.0003
19.78,0.0013
19.78,0.0204
19.77,0.0314
19.76,0.0018
19.76,0.0011
19.75,0.0017
19.75,0.0157
19.74,0.0034
19.73,0.0000
19.71,0.0095
19.70,0.0067
19.69,0.0174
19.69,0.0061
19.68,0.0101
19.68,0.0091
19.68,0.0093
19.67,0.0100
19.65,0.0087
19.65,0.0002
19.65,0.0034
19.63,0.0003
19.62,0.0016
19.61,0.0006
19.60,0.0186
19.60,0.0024
19.59,0.0312
19.59,0.0160
19.56,0.0069
19.54,0.0041
19.52,0.0667
19.51,0.0027
19.50,0.0236
19.50,0.0082
19.49,0.0169
19.48,0.0075
19.47,0.0081
19.46,0.0056
19.46,0.0000
19.45,0.0032
19.45,0.0025
19.44,0.0272
19.42,0.0264
19.41,0.0044
19.39,0.0032
19.37,0.0079
19.37,0.0021
19.36,0.0022
19.35,0.0059
19.35,0.0020
19.33,0.0006
19.31,0.0028
19.30,0.0147
19.29,0.0070
19.29,0.0061
19.28,0.0003
19.27,0.0047
19.25,0.0003
19.25,0.0014
19.24,0.0009
19.24,0.0001
19.23,0.0007
19.22,0.0007
19.21,0.0119
19.21,0.0036
19.20,0.0010
19.19,0.0075
19.19,0.0050
19.18,0.0000
19.18,0.0077
19.18,0.0059
19.16,0.0079
19.16,0.0002
19.13,0.0050
19.12,0.0196
19.12,0.0086
19.12,0.0109
19.09,0.0068
19.09,0.0152
19.07,0.0072
19.06,0.0060
19.06,0.0121
19.05,0.0480
19.05,0.0073
19.03,0.0058
19.02,0.0134
19.01,0.0034
19.01,0.0011
18.99,0.0230
18.99,0.0022
18.98,0.0066
18.97,0.0029
18.97,0.0029
18.96,0.0004
18.96,0.0083
18.94,0.0058
18.93,0.0039
18.92,0.0035
18.92,0.0172
18.90,0.0017
18.89,0.0033
18.88,0.0076
18.87,0.0075
18.87,0.0002
18.85,0.0058
18.85,0.0004
18.85,0.0027
18.83,0.0001
18.82,0.0328
18.80,0.0014
18.79,0.0081
18.77,0.0135
18.76,0.0196
18.76,0.0098
18.75,0.0002
18.75,0.0013
18.73,0.0011
18.72,0.0002
18.71,0.0037
18.71,0.0198
18.70,0.0008
18.70,0.0039
18.70,0.0067
18.69,0.0019
18.69,0.0000
18.67,0.0012
18.66,0.0044
18.65,0.0049
18.65,0.0029
18.64,0.0068
18.64,0.0128
18.63,0.0236
18.63,0.0022
18.62,0.0004
18.62,0.0165
18.61,0.0223
18.59,0.0328
18.58,0.0322
18.55,0.0236
18.54,0.0192
18.54,0.0005
18.53,0.0086
18.52,0.0073
18.52,0.0116
18.51,0.0057
18.51,0.0014
18.49,0.0029
18.48,0.0105
18.48,0.0049
18.47,0.0010
18.47,0.0027
18.46,0.0013
18.46,0.0375
18.45,0.0123
18.45,0.0022
18.42,0.0010
18.42,0.0010
18.41,0.0008
18.41,0.0015
18.40,0.0000
18.38,0.0001
18.38,0.0138
18.38,0.0328
18.37,0.0003
18.37,0.0170
18.35,0.0013
18.34,0.0000
18.33,0.0010
18.32,0.0003
18.32,0.0050
18.31,0.0058
18.31,0.0169
18.31,0.0031
18.29,0.0073
18.28,0.0046
18.28,0.0079
18.28,0.0001
18.27,0.0039
18.27,0.0108
18.25,0.0244
18.24,0.0086
18.21,0.0139
18.20,0.0246
18.19,0.0025
18.18,0.0062
18.17,0.0001
18.17,0.0058
18.16,0.0023
18.15,0.0007
18.15,0.0044
18.14,0.0124
18.14,0.0229
18.13,0.0086
18.12,0.0001
18.11,0.0016
18.10,0.0002
18.08,0.0049
18.07,0.0026
18.06,0.0050
18.05,0.0000
18.04,0.0157
18.03,0.0010
18.03,0.0037
18.02,0.0095
18.00,0.0079
18.00,0.0003
17.99,0.0034
17.97,0.0071
17.97,0.0056
17.96,0.0022
17.96,0.0104
17.95,0.0001
17.95,0.0152
17.95,0.0061
17.94,0.0047
17.93,0.0097
17.93,0.0001
17.91,0.0019
17.90,0.0030
17.90,0.0083
17.89,0.0000
17.89,0.0062
17.88,0.0006
17.87,0.0098
17.86,0.0054
17.86,0.0110
17.84,0.0021
17.83,0.0034
17.82,0.0001
17.81,0.0039
17.81,0.0010
17.81,0.0060
17.79,0.0000
17.78,0.0001
17.78,0.0133
17.77,0.0164
17.76,0.0049
17.76,0.0000
17.74,0.0030
17.74,0.0034
17.74,0.0000
17.71,0.0082
17.71,0.0274
17.70,0.0242
17.69,0.0028
17.68,0.0024
17.68,0.0405
17.67,0.0000
17.66,0.0005
17.66,0.0027
17.63,0.0033
17.62,0.0043
17.60,0.0030
17.59,0.0018
17.58,0.0118
17.58,0.0028
17.58,0.0001
17.56,0.0021
17.56,0.0059
17.53,0.0039
17.52,0.0150
17.52,0.0021
17.51,0.0098
17.51,0.0064
17.50,0.0013
17.49,0.0001
17.48,0.0019
17.48,0.0000
17.48,0.0143
17.47,0.0005
17.47,0.0014
17.46,0.0008
17.45,0.0004
17.44,0.0025
17.43,0.0082
17.43,0.0006
17.42,0.0005
17.41,0.0022
17.40,0.0014
17.39,0.0001
17.39,0.0027
17.38,0.0138
17.38,0.0032
17.35,0.0038
17.35,0.0063
17.34,0.0121
17.34,0.0013
17.33,0.0106
17.32,0.0087
17.32,0.0028
17.31,0.0051
17.30,0.0055
17.30,0.0012
17.29,0.0001
17.28,0.0078
17.27,0.0029
17.27,0.0013
17.25,0.0015
17.25,0.0025
17.25,0.0001
17.23,0.0026
17.22,0.0011
17.22,0.0012
17.22,0.0013
17.21,0.0070
17.20,0.0003
17.19,0.0005
17.19,0.0106
17.18,0.0009
17.16,0.0048
17.15,0.0037
17.14,0.0291
17.13,0.0066
17.13,0.0068
17.12,0.0057
17.12,0.0061
17.11,0.0038
17.10,0.0012
17.09,0.0042
17.09,0.0043
17.08,0.0010
17.08,0.0182
17.08,0.0050
17.07,0.0041
17.06,0.0016
17.05,0.0000
17.04,0.0015
17.04,0.0074
17.04,0.0031
17.02,0.0000
17.01,0.0160
17.01,0.0025
17.00,0.0053
17.00,0.0050
16.98,0.0032
16.98,0.0016
16.97,0.0010
16.97,0.0001
16.95,0.0000
16.95,0.0043
16.94,0.0001
16.92,0.0146
16.91,0.0082
16.91,0.0000
16.90,0.0000
16.89,0.0006
16.89,0.0012
16.88,0.0009
16.87,0.0050
16.85,0.0059
16.85,0.0017
16.82,0.0006
16.82,0.0013
16.82,0.0045
16.81,0.0007
16.81,0.0025
16.80,0.0054
16.79,0.0033
16.78,0.0019
16.78,0.0004
16.77,0.0055
16.77,0.0012
16.75,0.0001
16.73,0.0001
16.72,0.0027
16.70,0.0010
16.69,0.0004
16.69,0.0019
16.69,0.0045
16.67,0.0101
16.67,0.0020
16.66,0.0039
16.66,0.0004
16.65,0.0123
16.64,0.0017
16.63,0.0003
16.63,0.0012
16.62,0.0005
16.61,0.0002
16.61,0.0009
16.60,0.0013
16.59,0.0002
16.58,0.0016
16.58,0.0005
16.57,0.0041
16.57,0.0191
16.56,0.0053
16.56,0.0008
16.55,0.0071
16.55,0.0017
16.54,0.0024
16.52,0.0166
16.52,0.0404
16.50,0.0164
16.50,0.0000
16.49,0.0012
16.48,0.0022
16.47,0.0016
16.47,0.0117
16.46,0.0498
16.45,0.0004
16.44,0.0016
16.44,0.0078
16.43,0.0002
16.41,0.0025
16.40,0.0256
16.40,0.0091
16.39,0.0026
16.38,0.0051
16.38,0.0211
16.37,0.0023
16.36,0.0252
16.35,0.0007
16.34,0.0008
16.34,0.0000
16.32,0.0034
16.30,0.0004
16.29,0.0028
16.27,0.0001
16.27,0.0014
16.26,0.0158
16.25,0.0004
16.25,0.0012
16.23,0.0294
16.21,0.0034
16.19,0.0000
16.19,0.0031
16.19,0.0054
16.19,0.0010
16.18,0.0011
16.17,0.0010
16.17,0.0034
16.16,0.0014
16.16,0.0163
16.14,0.0060
16.13,0.0407
16.13,0.0020
16.12,0.0012
16.12,0.0041
16.10,0.0000
16.10,0.0006
16.08,0.0003
16.08,0.0005
16.07,0.0020
16.07,0.0024
16.07,0.0063
16.05,0.0001
16.04,0.0074
16.03,0.0043
16.02,0.0003
16.02,0.0023
16.00,0.0001
16.00,0.0012
16.00,0.0189
15.99,0.0090
15.99,0.0571
15.98,0.0174
15.97,0.0011
15.96,0.0144
15.96,0.0428
15.95,0.0072
15.95,0.0046
15.93,0.0014
15.93,0.0049
15.92,0.0005
15.91,0.0092
15.90,0.0034
15.90,0.0026
15.89,0.0231
15.88,0.0004
15.87,0.0022
15.86,0.0007
15.85,0.0012
15.84,0.0024
15.83,0.0050
15.82,0.0225
15.80,0.0008
15.79,0.0000
15.78,0.0001
15.78,0.0070
15.77,0.0071
15.76,0.0061
15.75,0.0114
15.74,0.0297
15.73,0.0010
15.72,0.0016
15.70,0.0060
15.69,0.0061
15.69,0.0008
15.67,0.0005
15.66,0.0078
15.65,0.0002
15.64,0.0048
15.63,0.0005
15.62,0.0025
15.62,0.0005
15.60,0.0003
15.60,0.0062
15.59,0.0044
15.59,0.0255
15.58,0.0002
15.57,0.0042
15.57,0.0010
15.56,0.0112
15.52,0.0097
15.52,0.0000
15.51,0.0011
15.51,0.0086
15.49,0.0042
15.49,0.0278
15.48,0.0014
15.47,0.0007
15.46,0.0158
15.46,0.0064
15.45,0.0077
15.45,0.0059
15.44,0.0033
15.43,0.0045
15.42,0.0008
15.42,0.0052
15.40,0.0001
15.40,0.0018
15.40,0.0017
15.37,0.0035
15.36,0.0226
15.35,0.0037
15.34,0.0024
15.34,0.0164
15.33,0.0018
15.33,0.0032
15.32,0.0047
15.32,0.0022
15.31,0.0102
15.30,0.0036
15.28,0.0022
15.28,0.0005
15.28,0.0307
15.27,0.0026
15.26,0.0118
15.25,0.0071
15.24,0.0301
15.23,0.0310
15.23,0.0177
15.22,0.0607
15.22,0.0011
15.21,0.0030
15.20,0.0027
15.19,0.0010
15.18,0.0008
15.17,0.0022
15.17,0.0234
15.16,0.0008
15.15,0.0019
15.14,0.0030
15.13,0.0116
15.13,0.0122
15.12,0.0075
15.12,0.0093
15.11,0.0035
15.10,0.0034
15.10,0.0001
15.09,0.0028
15.08,0.0000
15.08,0.0006
15.07,0.0001
15.06,0.0026
15.06,0.0009
15.05,0.0015
15.03,0.0061
15.03,0.0074
15.03,0.0018
15.02,0.0004
15.01,0.0090
15.01,0.0027
15.00,0.0000
14.99,0.0016
14.98,0.0135
14.97,0.0028
14.96,0.0068
14.95,0.0034
14.94,0.0028
14.94,0.0003
14.93,0.0004
14.93,0.0046
14.92,0.0036
14.92,0.0018
14.91,0.0064
14.90,0.0043
14.90,0.0126
14.88,0.0021
14.87,0.0054
14.87,0.0025
14.85,0.0023
14.85,0.0114
14.83,0.0005
14.82,0.0489
14.81,0.0059
14.81,0.0015
14.80,0.0019
14.78,0.0085
14.77,0.0011
14.76,0.0018
14.76,0.0001
14.75,0.0306
14.74,0.0004
14.74,0.0016
14.73,0.0116
14.72,0.0031
14.72,0.0078
14.70,0.0046
14.70,0.0216
14.68,0.0008
14.67,0.0016
14.66,0.0037
14.66,0.0095
14.64,0.0025
14.64,0.0020
14.64,0.0030
14.63,0.0054
14.62,0.0146
14.62,0.0043
14.60,0.0090
14.60,0.0037
14.59,0.0036
14.58,0.0102
14.58,0.0108
14.57,0.0002
14.57,0.0139
14.56,0.0183
14.54,0.0004
14.54,0.0056
14.54,0.0001
14.53,0.0036
14.52,0.0039
14.52,0.0003
14.50,0.0246
14.50,0.0040
14.48,0.0250
14.47,0.0068
14.47,0.0002
14.47,0.0093
14.46,0.0003
14.44,0.0022
14.42,0.0058
14.41,0.0005
14.41,0.0022
14.41,0.0006
14.41,0.0004
14.39,0.0010
14.39,0.0011
14.39,0.0000
14.37,0.0003
14.37,0.0093
14.36,0.0006
14.36,0.0000
14.36,0.0184
14.35,0.0008
14.35,0.0032
14.33,0.0078
14.33,0.0025
14.33,0.0027
14.33,0.0008
14.30,0.0001
14.30,0.0016
14.29,0.0020
14.29,0.0125
14.29,0.0605
14.28,0.0002
14.27,0.0093
14.26,0.0120
14.23,0.0045
14.23,0.0106
14.21,0.0001
14.21,0.0059
14.21,0.0004
14.20,0.0010
14.18,0.0004
14.18,0.0015
14.17,0.0000
14.17,0.0005
14.15,0.0011
14.14,0.0004
14.13,0.0017
14.13,0.0028
14.12,0.0008
14.12,0.0010
14.11,0.0042
14.10,0.0008
14.09,0.0005
14.09,0.0002
14.09,0.0001
14.09,0.0025
14.08,0.0041
14.08,0.0014
14.08,0.0003
14.07,0.0004
14.07,0.0076
14.05,0.0022
14.05,0.0189
14.04,0.0011
14.04,0.0133
14.03,0.0126
14.02,0.0027
14.01,0.0009
14.00,0.0002
13.99,0.0137
13.98,0.0072
13.97,0.0006
13.97,0.0115
13.94,0.0002
13.94,0.0000
13.94,0.0114
13.93,0.0052
13.92,0.0035
13.91,0.0003
13.91,0.0089
13.89,0.0063
13.88,0.0041
13.87,0.0014
13.86,0.0048
13.86,0.0139
13.84,0.0205
13.84,0.0007
13.83,0.0021
13.83,0.0118
13.82,0.0424
13.82,0.0013
13.81,0.0011
13.80,0.0005
13.80,0.0034
13.78,0.0040
13.78,0.0001
13.77,0.0000
13.77,0.0030
13.76,0.0010
13.76,0.0162
13.74,0.0026
13.72,0.0035
13.72,0.0118
13.71,0.0022
13.70,0.0007
13.70,0.0012
13.70,0.0001
13.69,0.0000
13.68,0.0078
13.67,0.0016
13.67,0.0016
13.66,0.0021
13.65,0.0007
13.65,0.0087
13.64,0.0027
13.63,0.0018
13.62,0.0009
13.62,0.0001
13.62,0.0000
13.61,0.0058
13.60,0.0035
13.60,0.0096
13.59,0.0002
13.59,0.0182
13.59,0.0086
13.58,0.0000
13.57,0.0000
13.57,0.0035
13.56,0.0109
13.56,0.0062
13.55,0.0003
13.53,0.0039
13.51,0.0053
13.51,0.0049
13.51,0.0064
13.49,0.0332
13.48,0.0000
13.48,0.0006
13.48,0.0069
13.46,0.0004
13.45,0.0016
13.45,0.0004
13.44,0.0004
13.43,0.0059
13.43,0.0037
13.43,0.0020
13.42,0.0167
13.42,0.0006
13.41,0.0104
13.41,0.0217
13.40,0.0034
13.40,0.0034
13.40,0.0000
13.38,0.0011
13.38,0.0077
13.36,0.0010
13.35,0.0001
13.35,0.0034
13.34,0.0009
13.34,0.0061
13.34,0.0015
13.33,0.0007
13.32,0.0159
13.32,0.0841
13.30,0.0048
13.30,0.0174
13.30,0.0033
13.28,0.0073
13.28,0.0005
13.28,0.0114
13.27,0.0015
13.26,0.0004
13.25,0.0151
13.24,0.0026
13.23,0.0034
13.23,0.0010
13.20,0.0046
13.20,0.0012
13.20,0.0012
13.19,0.0012
13.19,0.0002
13.19,0.0034
13.17,0.0113
13.17,0.0032
13.16,0.0024
13.16,0.0193
13.15,0.0026
13.14,0.0005
13.13,0.0014
13.13,0.0058
13.11,0.0050
13.10,0.0026
13.10,0.0002
13.08,0.0011
13.07,0.0022
13.07,0.0007
13.06,0.0011
13.06,0.0005
13.04,0.0108
13.04,0.0003
13.02,0.0115
13.02,0.0025
13.01,0.0403
13.01,0.0116
12.98,0.0020
12.97,0.0031
12.96,0.0045
12.95,0.0083
12.94,0.0008
12.94,0.0017
12.93,0.0005
12.92,0.0051
12.91,0.0007
12.90,0.0004
12.90,0.0003
12.90,0.0063
12.89,0.0064
12.88,0.0061
12.87,0.0009
12.87,0.0021
12.87,0.0064
12.86,0.0046
12.85,0.0022
12.84,0.0045
12.84,0.0184
12.82,0.0016
12.82,0.0110
12.81,0.0021
12.80,0.0076
12.78,0.0077
12.77,0.0003
12.76,0.0046
12.75,0.0028
12.75,0.0026
12.75,0.0244
12.74,0.0005
12.73,0.0010
12.72,0.0041
12.71,0.0026
12.70,0.0021
12.68,0.0000
12.68,0.0001
12.68,0.0023
12.66,0.0306
12.64,0.0014
12.64,0.0088
12.63,0.0007
12.62,0.0001
12.62,0.0041
12.61,0.0063
12.60,0.0088
12.60,0.0038
12.58,0.0069
12.58,0.0041
12.56,0.0006
12.54,0.0037
12.53,0.0017
12.52,0.0000
12.52,0.0121
12.51,0.0039
12.50,0.0064
12.50,0.0024
12.49,0.0016
12.48,0.0181
12.47,0.0048
12.46,0.0038
12.46,0.0043
12.44,0.0012
12.44,0.0017
12.43,0.0038
12.41,0.0050
12.41,0.0034
12.39,0.0031
12.39,0.0004
12.36,0.0026
12.36,0.0026
12.34,0.0022
12.34,0.0022
12.33,0.0060
12.32,0.0075
12.31,0.0013
12.30,0.0177
12.30,0.0035
12.28,0.0001
12.28,0.0162
12.26,0.0122
12.25,0.0000
12.25,0.0040
12.24,0.0055
12.24,0.0051
12.23,0.0040
12.23,0.0004
12.23,0.0007
12.23,0.0230
12.21,0.0079
12.20,0.0006
12.20,0.0029
12.19,0.0007
12.19,0.0060
12.19,0.0013
12.15,0.0043
12.15,0.0094
12.14,0.0017
12.13,0.0019
12.13,0.0047
12.12,0.0084
12.11,0.0002
12.11,0.0001
12.10,0.0588
12.10,0.0123
12.10,0.0026
12.07,0.0044
12.05,0.0045
12.05,0.0018
12.04,0.0004
12.04,0.0003
12.04,0.0005
12.02,0.0012
12.01,0.0040
12.00,0.0108
11.99,0.0260
11.98,0.0009
11.97,0.0024
11.96,0.0007
11.95,0.0047
11.94,0.0024
11.94,0.0086
11.94,0.0136
11.93,0.0001
11.90,0.0002
11.89,0.0016
11.87,0.0000
11.87,0.0003
11.86,0.0077
11.86,0.0014
11.85,0.0024
11.84,0.0001
11.83,0.0014
11.82,0.0008
11.81,0.0022
11.81,0.0039
11.79,0.0259
11.78,0.0044
11.78,0.0001
11.78,0.0115
11.74,0.0002
11.73,0.0002
11.73,0.0034
11.72,0.0093
11.72,0.0000
11.71,0.0006
11.71,0.0179
11.68,0.0047
11.67,0.0009
11.65,0.0070
11.64,0.0014
11.64,0.0033
11.63,0.0010
11.63,0.0162
11.63,0.0005
11.60,0.0031
11.58,0.0003
11.57,0.0109
11.56,0.0000
11.54,0.0035
11.53,0.0000
11.51,0.0000
11.51,0.0021
11.50,0.0013
11.50,0.0004
11.49,0.0009
11.49,0.0168
11.48,0.0001
11.48,0.0011
11.48,0.0295
11.46,0.0005
11.46,0.0081
11.44,0.0068
11.44,0.0002
11.44,0.0075
11.42,0.0001
11.41,0.0036
11.40,0.0111
11.38,0.0030
11.36,0.0001
11.36,0.0024
11.35,0.0003
11.33,0.0005
11.32,0.0004
11.32,0.0029
11.31,0.0002
11.31,0.0005
11.30,0.0110
11.29,0.0011
11.28,0.0120
11.27,0.0091
11.26,0.0026
11.26,0.0065
11.24,0.0142
11.23,0.0004
11.22,0.0013
11.19,0.0014
11.19,0.0002
11.18,0.0181
11.17,0.0150
11.17,0.0056
11.16,0.0010
11.14,0.0030
11.13,0.0001
11.13,0.0028
11.11,0.0016
11.11,0.0037
11.10,0.0008
11.09,0.0000
11.08,0.0092
11.06,0.0079
11.05,0.0001
11.03,0.0040
11.03,0.0012
11.01,0.0040
10.99,0.0027
10.98,0.0003
10.97,0.0003
10.96,0.0005
10.96,0.0000
10.94,0.0002
10.89,0.0048
10.88,0.0012
10.86,0.0000
10.86,0.0000
10.85,0.0003
10.84,0.0010
10.81,0.0021
10.80,0.0020
10.76,0.0061
10.75,0.0036
10.70,0.0005
10.67,0.0005
10.66,0.0014
10.65,0.0000
10.63,0.0006
10.58,0.0027
10.54,0.0028
10.49,0.0049
10.49,0.0011
10.45,0.0004
10.42,0.0009
10.40,0.0009
10.39,0.0005
10.38,0.0001
10.31,0.0002
10.25,0.0009
10.23,0.0008
10.19,0.0005
10.13,0.0008
10.11,0.0011
10.07,0.0013
10.07,0.0009
10.03,0.0017
9.99,0.0019
9.99,0.0013
9.89,0.0003
9.83,0.0009
9.70,0.0001
