252.41,0.5614
217.96,0.0075
215.44,0.0002
195.08,0.0079
191.85,0.0011
177.26,0.0736
175.14,0.0361
171.06,0.0659
167.82,0.0031
163.12,0.0008
159.34,0.0274
153.18,0.0043
149.17,0.0102
148.30,0.0089
144.81,0.0461
143.90,0.1140
142.84,0.0388
141.41,0.0169
141.01,0.0142
139.43,0.0190
137.94,0.0001
136.84,0.0369
136.63,0.0595
134.76,0.0042
133.95,0.0010
133.23,0.0058
130.49,0.0917
129.43,0.0311
128.07,0.0384
127.73,0.0102
127.04,0.0248
124.83,0.0114
124.42,0.0108
123.94,0.0556
122.80,0.0216
122.25,0.0189
120.75,0.0327
120.55,0.0291
120.45,0.0101
119.79,0.0034
118.05,0.0329
117.36,0.0300
117.21,0.0114
116.89,0.0229
116.63,0.0017
116.17,0.0187
115.92,0.0299
115.27,0.0044
113.80,0.0310
113.79,0.0724
112.95,0.0342
111.80,0.0046
111.65,0.0049
111.13,0.0265
110.79,0.0348
110.52,0.0597
110.21,0.0084
109.70,0.0436
109.57,0.0278
109.07,0.0273
108.61,0.0690
108.38,0.0048
107.87,0.0032
107.71,0.0209
107.25,0.1337
106.63,0.0240
106.32,0.0114
105.50,0.0075
105.25,0.0377
104.71,0.0056
104.49,0.0196
104.15,0.0168
103.53,0.0289
102.92,0.0401
102.80,0.0240
102.58,0.0004
102.29,0.0198
102.10,0.0164
101.87,0.0080
101.78,0.0169
101.51,0.0383
101.36,0.0233
101.31,0.0257
100.70,0.1308
100.39,0.0707
99.91,0.0074
99.77,0.0045
98.95,0.0160
98.77,0.0117
98.50,0.0373
98.08,0.0056
97.84,0.0144
97.56,0.0078
97.41,0.0578
97.24,0.0411
97.18,0.0784
96.90,0.0250
96.68,0.0637
96.60,0.0119
96.31,0.0438
96.17,0.0222
95.93,0.0336
95.78,0.0247
95.52,0.0803
95.22,0.0137
94.95,0.0056
94.80,0.0133
94.73,0.0021
94.44,0.0202
94.16,0.0009
93.68,0.0850
93.53,0.0216
93.36,0.0261
93.30,0.0120
93.18,0.0276
92.99,0.0013
92.82,0.0158
92.58,0.0553
92.34,0.0184
92.28,0.0543
92.21,0.0290
92.15,0.0559
91.65,0.0405
91.53,0.0330
91.42,0.0085
91.19,0.0309
91.12,0.0018
91.00,0.0251
90.71,0.0259
90.59,0.0121
90.43,0.0418
90.38,0.0182
90.18,0.0339
90.12,0.0015
89.94,0.0173
89.80,0.0055
89.62,0.0338
89.40,0.0086
89.21,0.0101
88.91,0.0403
88.81,0.0400
88.64,0.0063
88.37,0.0383
88.22,0.0057
88.03,0.1171
87.88,0.0270
87.66,0.0082
87.58,0.0352
87.43,0.0113
87.38,0.0059
87.31,0.0311
87.08,0.0243
86.97,0.1002
86.76,0.0393
86.68,0.1449
86.49,0.0083
86.47,0.0598
86.41,0.0850
86.15,0.0694
86.07,0.0138
85.85,0.0091
85.82,0.0367
85.68,0.0019
85.53,0.1056
85.41,0.0101
85.37,0.0285
85.24,0.0094
85.19,0.0276
85.06,0.0210
84.97,0.0381
84.76,0.0450
84.67,0.0219
84.40,0.0395
84.22,0.0151
84.10,0.0497
84.05,0.0212
83.89,0.0369
83.85,0.0289
83.77,0.0423
83.67,0.0288
83.52,0.0111
83.30,0.0284
83.26,0.0237
83.07,0.0133
82.92,0.0104
82.79,0.0107
82.72,0.0127
82.66,0.0367
82.56,0.0122
82.42,0.0269
82.27,0.0083
82.14,0.0218
82.04,0.0532
81.89,0.0478
81.75,0.0113
81.57,0.0498
81.46,0.0469
81.39,0.0443
81.27,0.0125
81.09,0.0098
80.96,0.0139
80.85,0.0482
80.77,0.0106
80.70,0.0375
80.50,0.0085
80.34,0.0047
80.26,0.0418
80.15,0.1208
79.98,0.0068
79.93,0.0061
79.84,0.0044
79.81,0.1036
79.69,0.0459
79.59,0.0147
79.50,0.0382
79.41,0.0294
79.25,0.0162
79.11,0.0886
78.85,0.0073
78.70,0.0650
78.66,0.0328
78.61,0.0127
78.40,0.0436
78.33,0.0021
78.22,0.0184
78.04,0.0075
78.01,0.0101
77.79,0.0307
77.71,0.0193
77.68,0.0312
77.54,0.0340
77.51,0.0220
77.34,0.0333
77.26,0.0054
77.18,0.0454
77.04,0.0080
76.91,0.0288
76.75,0.0051
76.71,0.0048
76.59,0.0290
76.49,0.0265
76.48,0.0063
76.37,0.0075
76.30,0.0215
76.23,0.0103
76.15,0.0048
75.97,0.0488
75.94,0.0078
75.89,0.0002
75.81,0.0361
75.74,0.0055
75.62,0.0424
75.59,0.0605
75.38,0.0092
75.33,0.0144
75.28,0.0480
75.25,0.0362
75.02,0.0518
74.99,0.0170
74.94,0.0168
74.88,0.0297
74.82,0.0131
74.75,0.0095
74.65,0.0141
74.58,0.0080
74.51,0.0410
74.46,0.0734
74.43,0.0366
74.35,0.0044
74.26,0.0261
74.20,0.0043
74.16,0.0105
74.10,0.0269
74.02,0.0083
73.91,0.0206
73.84,0.0799
73.63,0.0231
73.63,0.0099
73.54,0.0587
73.42,0.0232
73.35,0.0128
73.29,0.0232
73.24,0.0060
73.17,0.0063
73.02,0.0107
72.94,0.0161
72.91,0.0077
72.84,0.0027
72.74,0.0112
72.68,0.0195
72.61,0.0203
72.52,0.0078
72.45,0.0031
72.38,0.0161
72.34,0.0214
72.28,0.0192
72.18,0.0044
72.13,0.0286
72.02,0.0055
71.86,0.0463
71.82,0.0669
71.74,0.0434
71.58,0.0135
71.55,0.1255
71.44,0.0257
71.39,0.0124
71.33,0.0498
71.27,0.0264
71.22,0.0470
71.19,0.0218
71.11,0.0237
71.09,0.0048
70.97,0.0015
70.95,0.0194
70.84,0.0658
70.80,0.0166
70.71,0.0885
70.66,0.0173
70.58,0.0326
70.56,0.0134
70.40,0.0024
70.35,0.0115
70.29,0.0334
70.25,0.0049
70.17,0.0127
70.15,0.0820
70.08,0.0149
70.06,0.0207
69.98,0.0154
69.94,0.0444
69.91,0.0190
69.87,0.0347
69.77,0.0056
69.73,0.0211
69.68,0.0050
69.61,0.0098
69.57,0.0594
69.49,0.0126
69.43,0.0409
69.40,0.0110
69.34,0.0399
69.29,0.0942
69.24,0.1239
69.19,0.0062
69.14,0.0314
68.98,0.0090
68.91,0.0104
68.86,0.0094
68.81,0.0339
68.75,0.0090
68.70,0.0022
68.63,0.0076
68.59,0.0091
68.56,0.0110
68.43,0.0039
68.41,0.0170
68.37,0.0373
68.28,0.0002
68.27,0.0133
68.17,0.0572
68.12,0.0105
68.03,0.0142
67.95,0.0241
67.93,0.0191
67.83,0.0279
67.79,0.0343
67.66,0.0292
67.63,0.0044
67.57,0.0210
67.51,0.0215
67.49,0.0454
67.47,0.0190
67.31,0.0137
67.29,0.0959
67.26,0.0359
67.04,0.0362
66.98,0.0030
66.87,0.0182
66.85,0.0053
66.78,0.0143
66.74,0.0017
66.65,0.0235
66.61,0.0303
66.59,0.0453
66.50,0.0069
66.41,0.0156
66.37,0.0202
66.33,0.0038
66.31,0.0021
66.21,0.0217
66.20,0.0023
66.07,0.0385
66.05,0.0252
66.00,0.0038
65.90,0.0035
65.85,0.0263
65.84,0.0339
65.83,0.0222
65.76,0.0401
65.71,0.0499
65.64,0.0119
65.59,0.0655
65.58,0.0313
65.54,0.0240
65.46,0.0097
65.44,0.0156
65.40,0.0503
65.36,0.0180
65.29,0.0825
65.27,0.0178
65.21,0.0114
65.20,0.0432
65.14,0.0925
65.06,0.0107
64.96,0.0085
64.89,0.0030
64.79,0.0360
64.77,0.0041
64.71,0.0612
64.71,0.0088
64.68,0.0160
64.59,0.0530
64.55,0.0072
64.46,0.0120
64.44,0.0357
64.42,0.0182
64.36,0.0151
64.32,0.0422
64.25,0.0051
64.17,0.0311
64.14,0.0326
64.09,0.0047
64.03,0.0238
64.00,0.0121
63.96,0.0046
63.94,0.0094
63.91,0.0203
63.87,0.0059
63.82,0.0112
63.76,0.0300
63.70,0.0119
63.68,0.0059
63.61,0.0206
63.61,0.0028
63.54,0.0059
63.50,0.0158
63.49,0.0364
63.45,0.0475
63.38,0.0311
63.28,0.0130
63.27,0.0095
63.23,0.0336
63.18,0.0066
63.12,0.0388
63.01,0.0272
62.96,0.0172
62.90,0.0075
62.87,0.0328
62.75,0.0038
62.72,0.0343
62.63,0.0024
62.60,0.0038
62.59,0.0119
62.52,0.0078
62.47,0.0147
62.40,0.0082
62.38,0.0442
62.36,0.0290
62.30,0.0148
62.22,0.1211
62.17,0.0382
62.16,0.0098
62.05,0.0043
62.00,0.0096
61.96,0.0059
61.94,0.0106
61.86,0.0171
61.80,0.0329
61.78,0.0038
61.76,0.0072
61.73,0.0306
61.65,0.0214
61.61,0.0325
61.57,0.0132
61.54,0.0167
61.50,0.0177
61.42,0.0107
61.39,0.0103
61.38,0.0172
61.33,0.0243
61.29,0.0275
61.25,0.0010
61.18,0.0068
61.17,0.0159
61.15,0.0035
61.14,0.0744
61.05,0.0093
61.00,0.0057
60.95,0.0151
60.93,0.0247
60.83,0.0230
60.78,0.0395
60.75,0.0180
60.71,0.0081
60.65,0.0492
60.63,0.0234
60.61,0.0076
60.55,0.0072
60.53,0.0132
60.49,0.0056
60.41,0.0205
60.39,0.0369
60.35,0.0243
60.31,0.0241
60.29,0.0076
60.28,0.0417
60.18,0.0071
60.10,0.0017
60.08,0.0379
60.07,0.0045
59.99,0.0045
59.95,0.0107
59.87,0.0105
59.82,0.0443
59.78,0.0017
59.74,0.0233
59.73,0.0038
59.64,0.0086
59.63,0.0180
59.58,0.0097
59.55,0.0271
59.49,0.0160
59.45,0.0466
59.40,0.0202
59.37,0.0118
59.33,0.0476
59.32,0.0028
59.27,0.0078
59.21,0.0472
59.20,0.0202
59.16,0.0033
59.10,0.0049
59.08,0.0009
59.01,0.0042
58.98,0.0028
58.93,0.0020
58.90,0.0158
58.87,0.0252
58.83,0.0118
58.80,0.0193
58.78,0.0107
58.74,0.0016
58.69,0.0112
58.68,0.0389
58.62,0.0026
58.57,0.0106
58.55,0.0114
58.52,0.0519
58.48,0.0101
58.46,0.0172
58.38,0.0234
58.33,0.0038
58.31,0.0170
58.28,0.0511
58.22,0.0190
58.17,0.0123
58.15,0.0072
58.09,0.0109
58.06,0.0098
58.02,0.0418
57.96,0.0287
57.93,0.0252
57.90,0.0035
57.87,0.0032
57.86,0.0041
57.82,0.0128
57.75,0.0168
57.71,0.0351
57.67,0.0405
57.65,0.0081
57.64,0.0039
57.60,0.0257
57.55,0.0348
57.50,0.0008
57.48,0.0268
57.46,0.0108
57.42,0.0381
57.40,0.0138
57.32,0.0079
57.30,0.0160
57.26,0.0256
57.23,0.0163
57.21,0.0026
57.18,0.0265
57.15,0.0157
57.10,0.0412
57.05,0.0049
57.01,0.0132
56.94,0.0161
56.93,0.0284
56.90,0.0013
56.81,0.0047
56.75,0.0039
56.74,0.0034
56.70,0.0117
56.64,0.0455
56.63,0.0105
56.60,0.0042
56.54,0.0092
56.52,0.0220
56.49,0.0090
56.46,0.0077
56.44,0.0543
56.39,0.0185
56.36,0.0039
56.35,0.0184
56.33,0.0196
56.27,0.0009
56.25,0.0129
56.23,0.0322
56.20,0.0089
56.16,0.0093
56.12,0.0034
56.08,0.0127
56.05,0.0295
56.00,0.0204
55.96,0.0155
55.94,0.0139
55.91,0.0655
55.87,0.0558
55.87,0.0216
55.78,0.0092
55.72,0.0237
55.71,0.0140
55.69,0.0111
55.65,0.0034
55.63,0.0031
55.61,0.0143
55.58,0.0274
55.50,0.0108
55.46,0.0237
55.40,0.0100
55.36,0.0446
55.31,0.0096
55.27,0.0241
55.26,0.0120
55.21,0.0015
55.18,0.0018
55.16,0.0191
55.12,0.0020
55.08,0.0077
55.05,0.0119
55.00,0.0133
54.99,0.0111
54.98,0.0263
54.95,0.0150
54.88,0.0242
54.87,0.0133
54.81,0.0324
54.78,0.0113
54.74,0.0143
54.72,0.0053
54.67,0.0361
54.64,0.0015
54.61,0.0138
54.60,0.0658
54.55,0.0023
54.52,0.0013
54.48,0.0452
54.47,0.0143
54.46,0.0068
54.41,0.0294
54.37,0.0006
54.36,0.0212
54.35,0.0341
54.34,0.0528
54.29,0.0053
54.27,0.0004
54.26,0.0227
54.19,0.0462
54.15,0.0474
54.13,0.0395
54.09,0.0545
54.08,0.0058
54.04,0.0043
54.00,0.0091
53.98,0.0156
53.92,0.0191
53.91,0.0068
53.85,0.0021
53.80,0.0117
53.78,0.0083
53.72,0.0217
53.72,0.0242
53.70,0.0056
53.67,0.0189
53.62,0.0214
53.60,0.0172
53.58,0.0166
53.53,0.0118
53.51,0.0074
53.45,0.0132
53.44,0.0070
53.41,0.0029
53.41,0.0054
53.37,0.0029
53.34,0.0007
53.30,0.0062
53.27,0.0057
53.19,0.0175
53.19,0.0020
53.15,0.0141
53.13,0.0182
53.10,0.0183
53.06,0.0027
53.03,0.0212
52.99,0.0363
52.95,0.0048
52.93,0.0109
52.90,0.0296
52.85,0.0093
52.83,0.0239
52.81,0.0217
52.78,0.0096
52.74,0.0254
52.72,0.0890
52.71,0.0113
52.65,0.0007
52.64,0.0109
52.59,0.0059
52.58,0.0097
52.55,0.0328
52.54,0.0069
52.50,0.0246
52.47,0.0096
52.45,0.0024
52.38,0.0101
52.36,0.0204
52.33,0.0047
52.31,0.0039
52.27,0.0252
52.25,0.0064
52.20,0.0305
52.15,0.0365
52.12,0.0136
52.08,0.0048
52.05,0.0031
52.03,0.0176
52.02,0.0248
51.98,0.0125
51.95,0.0276
51.94,0.0219
51.89,0.0097
51.86,0.0061
51.85,0.0072
51.81,0.0039
51.78,0.0167
51.74,0.0353
51.72,0.0289
51.70,0.0226
51.68,0.0088
51.63,0.0022
51.62,0.0050
51.60,0.0066
51.56,0.0356
51.52,0.0279
51.50,0.0305
51.47,0.0125
51.43,0.0085
51.39,0.0082
51.37,0.0233
51.32,0.0270
51.30,0.0036
51.27,0.0082
51.24,0.0077
51.22,0.0063
51.20,0.0288
51.15,0.0307
51.11,0.0130
51.09,0.0032
51.05,0.0130
51.04,0.0279
51.02,0.0314
50.99,0.0118
50.96,0.0230
50.94,0.0200
50.93,0.0251
50.89,0.0281
50.88,0.0441
50.85,0.0419
50.82,0.0036
50.80,0.0037
50.76,0.0110
50.74,0.0055
50.72,0.0246
50.71,0.0059
50.68,0.0096
50.63,0.0260
50.59,0.0021
50.58,0.0176
50.56,0.0095
50.51,0.0024
50.50,0.0106
50.47,0.0359
50.46,0.0059
50.44,0.0164
50.38,0.0029
50.37,0.0033
50.34,0.0188
50.29,0.0385
50.26,0.0035
50.20,0.0046
50.20,0.0079
50.16,0.0038
50.13,0.0055
50.11,0.0104
50.09,0.0105
50.07,0.0052
50.04,0.0314
50.03,0.0091
50.00,0.0062
49.98,0.0040
49.95,0.0264
49.93,0.0141
49.89,0.0098
49.86,0.0238
49.83,0.0124
49.82,0.0586
49.82,0.0116
49.78,0.0044
49.75,0.0459
49.74,0.0109
49.72,0.0152
49.67,0.0308
49.63,0.0111
49.61,0.0067
49.59,0.0386
49.54,0.0185
49.50,0.0127
49.49,0.0268
49.47,0.0021
49.46,0.0126
49.42,0.0370
49.41,0.0771
49.36,0.0007
49.32,0.0049
49.31,0.0134
49.27,0.0114
49.26,0.0074
49.24,0.0080
49.19,0.0014
49.18,0.0115
49.17,0.0041
49.13,0.0084
49.10,0.0219
49.08,0.0136
49.07,0.0024
49.01,0.0078
48.98,0.0060
48.95,0.0213
48.92,0.0043
48.89,0.0120
48.87,0.0102
48.82,0.0097
48.81,0.0385
48.79,0.0146
48.78,0.0372
48.75,0.0143
48.73,0.0275
48.69,0.0248
48.67,0.0206
48.67,0.0441
48.64,0.0025
48.62,0.0163
48.58,0.0685
48.57,0.0191
48.53,0.0366
48.52,0.0268
48.47,0.0222
48.43,0.0328
48.42,0.0166
48.40,0.0016
48.39,0.0175
48.32,0.0051
48.30,0.0052
48.27,0.0004
48.26,0.0165
48.21,0.0065
48.19,0.0090
48.16,0.0100
48.14,0.0303
48.11,0.0155
48.11,0.0177
48.04,0.0466
48.03,0.0292
48.01,0.0045
48.00,0.0115
47.99,0.0173
47.96,0.0063
47.95,0.0217
47.92,0.0043
47.88,0.0008
47.86,0.0161
47.85,0.0034
47.80,0.0027
47.78,0.0058
47.75,0.0144
47.72,0.0023
47.70,0.0011
47.68,0.0091
47.66,0.0720
47.63,0.0162
47.60,0.0066
47.57,0.0035
47.56,0.0166
47.55,0.0218
47.50,0.0164
47.45,0.0086
47.42,0.0039
47.39,0.0050
47.38,0.0570
47.33,0.0043
47.31,0.0032
47.27,0.0044
47.25,0.0146
47.20,0.0285
47.18,0.0299
47.13,0.0226
47.11,0.0006
47.08,0.0187
47.05,0.0093
47.03,0.0086
47.01,0.0047
46.98,0.0077
46.97,0.0041
46.96,0.0048
46.94,0.0028
46.90,0.0349
46.87,0.0138
46.85,0.0109
46.82,0.0095
46.80,0.0095
46.78,0.0018
46.76,0.0262
46.75,0.0276
46.71,0.0182
46.69,0.0495
46.68,0.0360
46.66,0.0068
46.63,0.0007
46.59,0.0011
46.57,0.0025
46.53,0.0116
46.52,0.0150
46.47,0.0165
46.46,0.0074
46.44,0.0010
46.41,0.0205
46.40,0.0114
46.37,0.0107
46.35,0.0429
46.33,0.0089
46.31,0.0119
46.29,0.0046
46.26,0.0099
46.24,0.0026
46.21,0.0027
46.20,0.0064
46.17,0.0101
46.15,0.0052
46.11,0.0239
46.08,0.0108
46.08,0.0156
46.03,0.0067
46.01,0.0064
45.99,0.0218
45.96,0.0017
45.95,0.0091
45.93,0.0350
45.91,0.0185
45.91,0.0008
45.88,0.0130
45.86,0.0121
45.82,0.0253
45.82,0.0378
45.79,0.0103
45.76,0.0090
45.74,0.0322
45.70,0.0016
45.69,0.0044
45.68,0.0024
45.66,0.0202
45.65,0.0136
45.61,0.0148
45.59,0.0113
45.55,0.0108
45.52,0.0024
45.48,0.0118
45.47,0.0031
45.43,0.0117
45.41,0.0137
45.35,0.0041
45.31,0.0072
45.29,0.0032
45.25,0.0031
45.24,0.0025
45.21,0.0004
45.19,0.0038
45.17,0.0242
45.11,0.0064
45.09,0.0062
45.06,0.0171
45.04,0.0126
45.03,0.0420
45.01,0.0020
44.98,0.0075
44.96,0.0043
44.93,0.0227
44.92,0.0040
44.89,0.0053
44.87,0.0083
44.85,0.0099
44.84,0.0082
44.82,0.0165
44.80,0.0575
44.77,0.0232
44.76,0.0052
44.73,0.0035
44.69,0.0009
44.68,0.0031
44.66,0.0190
44.63,0.0125
44.62,0.0111
44.59,0.0188
44.54,0.0150
44.52,0.0048
44.51,0.0242
44.50,0.0124
44.47,0.0019
44.46,0.0106
44.43,0.0162
44.40,0.0120
44.39,0.0024
44.37,0.0179
44.35,0.0025
44.33,0.0153
44.31,0.0443
44.30,0.0088
44.28,0.0084
44.24,0.0260
44.23,0.0200
44.22,0.0097
44.20,0.0107
44.18,0.0055
44.16,0.0055
44.13,0.0063
44.12,0.0097
44.10,0.0069
44.08,0.0169
44.07,0.0086
44.03,0.0096
44.00,0.0047
43.99,0.0023
43.93,0.0147
43.92,0.0095
43.90,0.0225
43.86,0.0027
43.85,0.0133
43.83,0.0132
43.81,0.0225
43.78,0.0005
43.77,0.0104
43.75,0.0221
43.74,0.0026
43.73,0.0088
43.71,0.0010
43.66,0.0024
43.66,0.0127
43.61,0.0068
43.59,0.0087
43.57,0.0186
43.52,0.0387
43.51,0.0080
43.45,0.0051
43.43,0.0079
43.42,0.0083
43.40,0.0110
43.39,0.0116
43.38,0.0085
43.33,0.0073
43.32,0.0029
43.30,0.0079
43.28,0.0069
43.25,0.0272
43.24,0.0029
43.22,0.0071
43.19,0.0088
43.19,0.0144
43.19,0.0360
43.17,0.0122
43.12,0.0144
43.10,0.0114
43.09,0.0180
43.08,0.0008
43.05,0.0071
43.02,0.0060
43.00,0.0033
42.99,0.0137
42.94,0.0102
42.92,0.0092
42.91,0.0126
42.89,0.0250
42.88,0.0174
42.84,0.0060
42.82,0.0062
42.81,0.0092
42.76,0.0075
42.75,0.0132
42.73,0.0095
42.70,0.0046
42.68,0.0198
42.66,0.0053
42.64,0.0041
42.60,0.0090
42.59,0.0041
42.54,0.0005
42.51,0.0078
42.49,0.0074
42.47,0.0028
42.44,0.0017
42.39,0.0155
42.38,0.0172
42.36,0.0035
42.32,0.0168
42.31,0.0033
42.27,0.0068
42.26,0.0048
42.24,0.0206
42.21,0.0126
42.19,0.0077
42.18,0.0042
42.16,0.0115
42.15,0.0105
42.11,0.0046
42.11,0.0130
42.10,0.0262
42.08,0.0099
42.07,0.0011
42.05,0.0015
42.03,0.0074
42.01,0.0111
41.98,0.0070
41.94,0.0094
41.93,0.0078
41.90,0.0040
41.87,0.0143
41.83,0.0037
41.81,0.0037
41.78,0.0103
41.78,0.0028
41.75,0.0065
41.72,0.0074
41.68,0.0206
41.65,0.0125
41.64,0.0121
41.64,0.0065
41.62,0.0089
41.60,0.0021
41.56,0.0056
41.55,0.0180
41.53,0.0107
41.52,0.0008
41.48,0.0116
41.47,0.0034
41.43,0.0092
41.41,0.0021
41.40,0.0014
41.38,0.0427
41.37,0.0048
41.35,0.0004
41.34,0.0012
41.30,0.0025
41.28,0.0112
41.26,0.0016
41.24,0.0144
41.22,0.0055
41.20,0.0497
41.17,0.0065
41.15,0.0258
41.14,0.0049
41.10,0.0138
41.07,0.0060
41.05,0.0088
41.03,0.0287
41.01,0.0051
41.00,0.0064
40.99,0.0012
40.96,0.0019
40.95,0.0091
40.94,0.0211
40.91,0.0127
40.90,0.0090
40.88,0.0064
40.86,0.0121
40.82,0.0030
40.81,0.0118
40.79,0.0051
40.76,0.0194
40.75,0.0155
40.75,0.0041
40.73,0.0053
40.70,0.0073
40.67,0.0106
40.66,0.0090
40.64,0.0072
40.64,0.0122
40.62,0.0097
40.60,0.0042
40.58,0.0032
40.56,0.0229
40.52,0.0005
40.50,0.0027
40.49,0.0096
40.48,0.0023
40.46,0.0177
40.46,0.0041
40.43,0.0013
40.42,0.0048
40.39,0.0022
40.38,0.0089
40.37,0.0038
40.33,0.0229
40.30,0.0013
40.28,0.0183
40.26,0.0014
40.25,0.0018
40.22,0.0077
40.18,0.0097
40.18,0.0060
40.18,0.0035
40.16,0.0046
40.11,0.0034
40.10,0.0090
40.09,0.0046
40.06,0.0201
40.05,0.0022
40.03,0.0033
40.01,0.0045
39.99,0.0219
39.97,0.0101
39.96,0.0028
39.94,0.0070
39.90,0.0347
39.86,0.0040
39.84,0.0022
39.84,0.0145
39.80,0.0147
39.78,0.0014
39.74,0.0455
39.73,0.0024
39.71,0.0034
39.69,0.0080
39.67,0.0219
39.65,0.0115
39.63,0.0041
39.58,0.0222
39.56,0.0063
39.55,0.0040
39.52,0.0044
39.50,0.0099
39.49,0.0012
39.47,0.0002
39.46,0.0039
39.41,0.0024
39.40,0.0014
39.38,0.0141
39.36,0.0070
39.33,0.0234
39.32,0.0009
39.31,0.0115
39.29,0.0115
39.26,0.0047
39.21,0.0093
39.21,0.0092
39.19,0.0024
39.17,0.0119
39.16,0.0132
39.15,0.0015
39.14,0.0016
39.11,0.0047
39.10,0.0077
39.08,0.0020
39.06,0.0064
39.04,0.0166
39.02,0.0098
39.00,0.0031
38.98,0.0056
38.94,0.0031
38.92,0.0038
38.91,0.0089
38.90,0.0191
38.86,0.0187
38.85,0.0022
38.82,0.0137
38.80,0.0093
38.79,0.0070
38.76,0.0012
38.73,0.0093
38.72,0.0040
38.70,0.0028
38.63,0.0136
38.62,0.0114
38.59,0.0130
38.58,0.0090
38.55,0.0279
38.53,0.0057
38.50,0.0067
38.49,0.0003
38.49,0.0147
38.46,0.0211
38.44,0.0004
38.42,0.0024
38.40,0.0102
38.39,0.0039
38.37,0.0099
38.34,0.0078
38.33,0.0060
38.31,0.0011
38.27,0.0174
38.25,0.0044
38.23,0.0033
38.22,0.0015
38.20,0.0021
38.19,0.0053
38.18,0.0049
38.18,0.0048
38.15,0.0102
38.14,0.0027
38.13,0.0046
38.10,0.0024
38.07,0.0112
38.03,0.0141
38.02,0.0013
38.01,0.0079
38.00,0.0048
37.98,0.0175
37.95,0.0134
37.94,0.0105
37.94,0.0018
37.91,0.0010
37.88,0.0025
37.87,0.0206
37.82,0.0004
37.80,0.0004
37.79,0.0036
37.78,0.0034
37.75,0.0012
37.74,0.0029
37.73,0.0030
37.66,0.0018
37.66,0.0020
37.63,0.0133
37.60,0.0020
37.59,0.0013
37.58,0.0050
37.54,0.0106
37.52,0.0088
37.50,0.0084
37.49,0.0086
37.48,0.0067
37.43,0.0455
37.42,0.0124
37.41,0.0034
37.40,0.0057
37.38,0.0151
37.35,0.0118
37.34,0.0104
37.34,0.0058
37.33,0.0055
37.32,0.0236
37.28,0.0029
37.27,0.0039
37.24,0.0013
37.22,0.0115
37.20,0.0089
37.20,0.0021
37.18,0.0075
37.16,0.0028
37.13,0.0144
37.12,0.0090
37.09,0.0056
37.09,0.0035
37.05,0.0106
37.02,0.0152
37.01,0.0017
37.00,0.0093
36.98,0.0092
36.96,0.0327
36.93,0.0063
36.92,0.0127
36.88,0.0105
36.87,0.0156
36.83,0.0056
36.80,0.0042
36.79,0.0010
36.76,0.0170
36.75,0.0007
36.74,0.0125
36.71,0.0027
36.70,0.0018
36.68,0.0176
36.68,0.0045
36.66,0.0139
36.62,0.0125
36.62,0.0045
36.60,0.0169
36.59,0.0071
36.57,0.0075
36.56,0.0079
36.55,0.0330
36.53,0.0031
36.51,0.0057
36.47,0.0075
36.45,0.0113
36.43,0.0010
36.42,0.0010
36.39,0.0005
36.38,0.0033
36.33,0.0006
36.31,0.0155
36.29,0.0093
36.26,0.0128
36.23,0.0012
36.21,0.0073
36.20,0.0060
36.17,0.0064
36.14,0.0060
36.11,0.0065
36.11,0.0006
36.08,0.0046
36.06,0.0086
36.04,0.0129
36.03,0.0020
36.01,0.0030
36.00,0.0110
35.98,0.0028
35.96,0.0109
35.94,0.0139
35.91,0.0012
35.90,0.0040
35.89,0.0026
35.87,0.0150
35.87,0.0165
35.86,0.0046
35.85,0.0081
35.83,0.0048
35.81,0.0113
35.78,0.0110
35.76,0.0066
35.75,0.0011
35.74,0.0062
35.72,0.0161
35.69,0.0044
35.68,0.0070
35.67,0.0012
35.67,0.0107
35.63,0.0005
35.61,0.0142
35.58,0.0101
35.56,0.0111
35.55,0.0002
35.54,0.0025
35.53,0.0008
35.50,0.0024
35.49,0.0097
35.47,0.0023
35.46,0.0024
35.42,0.0088
35.42,0.0027
35.39,0.0015
35.39,0.0006
35.35,0.0050
35.33,0.0019
35.33,0.0049
35.30,0.0092
35.30,0.0020
35.28,0.0105
35.22,0.0011
35.22,0.0003
35.21,0.0036
35.19,0.0043
35.15,0.0232
35.14,0.0068
35.12,0.0053
35.12,0.0004
35.09,0.0009
35.08,0.0015
35.06,0.0025
35.05,0.0069
35.03,0.0018
35.01,0.0074
34.98,0.0010
34.97,0.0013
34.96,0.0013
34.94,0.0019
34.92,0.0026
34.90,0.0034
34.89,0.0007
34.85,0.0024
34.84,0.0017
34.83,0.0021
34.82,0.0017
34.78,0.0009
34.77,0.0020
34.76,0.0103
34.74,0.0005
34.73,0.0062
34.73,0.0042
34.71,0.0018
34.69,0.0065
34.66,0.0094
34.65,0.0075
34.64,0.0044
34.63,0.0036
34.59,0.0015
34.56,0.0058
34.55,0.0026
34.54,0.0082
34.53,0.0044
34.47,0.0024
34.46,0.0028
34.44,0.0079
34.42,0.0015
34.40,0.0069
34.39,0.0107
34.36,0.0046
34.35,0.0051
34.34,0.0031
34.33,0.0160
34.31,0.0078
34.28,0.0022
34.26,0.0005
34.25,0.0034
34.23,0.0024
34.22,0.0065
34.22,0.0014
34.19,0.0021
34.16,0.0088
34.13,0.0027
34.11,0.0243
34.09,0.0001
34.08,0.0036
34.07,0.0029
34.05,0.0005
34.03,0.0073
34.02,0.0000
33.98,0.0024
33.97,0.0027
33.95,0.0022
33.95,0.0046
33.92,0.0010
33.91,0.0028
33.90,0.0099
33.89,0.0081
33.84,0.0122
33.84,0.0012
33.82,0.0045
33.79,0.0149
33.77,0.0035
33.76,0.0044
33.73,0.0125
33.72,0.0021
33.70,0.0118
33.68,0.0146
33.67,0.0021
33.65,0.0031
33.61,0.0123
33.58,0.0012
33.53,0.0002
33.51,0.0011
33.49,0.0038
33.48,0.0017
33.47,0.0061
33.45,0.0044
33.43,0.0200
33.41,0.0102
33.37,0.0005
33.36,0.0007
33.35,0.0010
33.33,0.0069
33.32,0.0008
33.31,0.0034
33.28,0.0028
33.27,0.0029
33.26,0.0008
33.25,0.0045
33.23,0.0047
33.22,0.0007
33.20,0.0112
33.18,0.0132
33.16,0.0006
33.13,0.0030
33.13,0.0121
33.09,0.0025
33.08,0.0048
33.06,0.0073
33.04,0.0012
33.01,0.0079
33.00,0.0141
32.99,0.0026
32.96,0.0010
32.96,0.0074
32.94,0.0120
32.94,0.0047
32.91,0.0070
32.90,0.0040
32.89,0.0142
32.87,0.0029
32.86,0.0016
32.85,0.0066
32.81,0.0044
32.80,0.0169
32.75,0.0039
32.73,0.0016
32.71,0.0051
32.69,0.0030
32.66,0.0020
32.64,0.0053
32.62,0.0010
32.60,0.0004
32.60,0.0018
32.57,0.0028
32.56,0.0028
32.52,0.0047
32.52,0.0007
32.49,0.0045
32.48,0.0048
32.46,0.0075
32.40,0.0043
32.36,0.0204
32.36,0.0078
32.35,0.0094
32.33,0.0098
32.30,0.0031
32.29,0.0023
32.28,0.0034
32.26,0.0019
32.24,0.0006
32.22,0.0018
32.21,0.0006
32.19,0.0043
32.18,0.0141
32.17,0.0064
32.13,0.0131
32.11,0.0111
32.09,0.0044
32.08,0.0126
32.06,0.0016
32.04,0.0081
32.03,0.0057
32.02,0.0050
32.01,0.0036
31.98,0.0172
31.96,0.0018
31.91,0.0080
31.90,0.0013
31.89,0.0010
31.89,0.0009
31.88,0.0025
31.86,0.0007
31.83,0.0030
31.81,0.0077
31.80,0.0048
31.79,0.0015
31.78,0.0074
31.78,0.0010
31.75,0.0057
31.74,0.0065
31.72,0.0029
31.71,0.0118
31.67,0.0005
31.64,0.0063
31.63,0.0060
31.62,0.0014
31.59,0.0043
31.58,0.0005
31.58,0.0007
31.56,0.0010
31.54,0.0024
31.52,0.0046
31.50,0.0023
31.48,0.0004
31.46,0.0029
31.46,0.0051
31.45,0.0008
31.44,0.0054
31.44,0.0008
31.40,0.0038
31.38,0.0023
31.34,0.0009
31.33,0.0007
31.31,0.0012
31.30,0.0032
31.26,0.0004
31.24,0.0011
31.23,0.0021
31.22,0.0096
31.21,0.0005
31.20,0.0016
31.19,0.0020
31.14,0.0078
31.14,0.0046
31.12,0.0039
31.10,0.0005
31.08,0.0076
31.07,0.0003
31.06,0.0024
31.04,0.0033
31.03,0.0015
31.03,0.0015
31.01,0.0026
31.00,0.0000
30.99,0.0067
30.95,0.0011
30.94,0.0021
30.92,0.0077
30.89,0.0030
30.87,0.0028
30.86,0.0098
30.85,0.0055
30.84,0.0095
30.82,0.0020
30.78,0.0037
30.76,0.0144
30.75,0.0088
30.73,0.0027
30.71,0.0036
30.68,0.0032
30.66,0.0007
30.64,0.0059
30.64,0.0018
30.62,0.0099
30.61,0.0048
30.60,0.0032
30.59,0.0023
30.57,0.0013
30.57,0.0020
30.56,0.0027
30.54,0.0073
30.52,0.0123
30.51,0.0014
30.49,0.0022
30.48,0.0001
30.47,0.0092
30.46,0.0011
30.44,0.0027
30.42,0.0026
30.39,0.0054
30.38,0.0007
30.37,0.0025
30.36,0.0005
30.36,0.0023
30.32,0.0030
30.29,0.0059
30.28,0.0009
30.26,0.0040
30.23,0.0007
30.22,0.0062
30.21,0.0120
30.19,0.0066
30.19,0.0057
30.17,0.0005
30.15,0.0061
30.13,0.0082
30.13,0.0092
30.11,0.0023
30.09,0.0153
30.08,0.0025
30.04,0.0008
30.03,0.0012
30.01,0.0062
29.99,0.0019
29.98,0.0013
29.95,0.0053
29.94,0.0055
29.93,0.0100
29.92,0.0147
29.90,0.0054
29.89,0.0153
29.88,0.0016
29.87,0.0116
29.84,0.0022
29.83,0.0028
29.81,0.0024
29.80,0.0141
29.77,0.0066
29.75,0.0029
29.74,0.0088
29.73,0.0082
29.73,0.0038
29.71,0.0036
29.70,0.0012
29.68,0.0154
29.66,0.0025
29.64,0.0003
29.61,0.0015
29.60,0.0136
29.59,0.0026
29.57,0.0183
29.56,0.0029
29.53,0.0093
29.51,0.0074
29.49,0.0047
29.47,0.0316
29.46,0.0036
29.45,0.0036
29.44,0.0063
29.42,0.0045
29.39,0.0109
29.38,0.0073
29.37,0.0016
29.36,0.0055
29.35,0.0077
29.34,0.0015
29.32,0.0116
29.31,0.0000
29.28,0.0009
29.26,0.0021
29.24,0.0033
29.23,0.0026
29.19,0.0050
29.18,0.0050
29.17,0.0001
29.15,0.0103
29.15,0.0003
29.14,0.0041
29.14,0.0040
29.11,0.0015
29.10,0.0065
29.09,0.0010
29.07,0.0037
29.05,0.0212
29.02,0.0092
29.00,0.0047
28.99,0.0033
28.97,0.0054
28.96,0.0091
28.95,0.0045
28.93,0.0014
28.93,0.0005
28.92,0.0016
28.91,0.0016
28.89,0.0020
28.87,0.0084
28.85,0.0042
28.84,0.0005
28.82,0.0007
28.80,0.0021
28.78,0.0110
28.77,0.0011
28.75,0.0062
28.73,0.0015
28.72,0.0029
28.70,0.0056
28.67,0.0111
28.66,0.0038
28.65,0.0013
28.62,0.0011
28.61,0.0027
28.60,0.0035
28.60,0.0034
28.59,0.0032
28.57,0.0028
28.54,0.0155
28.52,0.0016
28.50,0.0038
28.50,0.0025
28.49,0.0015
28.47,0.0004
28.46,0.0001
28.45,0.0041
28.43,0.0007
28.42,0.0020
28.40,0.0014
28.38,0.0039
28.35,0.0010
28.34,0.0015
28.33,0.0053
28.28,0.0005
28.28,0.0036
28.26,0.0040
28.26,0.0039
28.24,0.0076
28.22,0.0108
28.20,0.0059
28.19,0.0006
28.17,0.0029
28.16,0.0030
28.13,0.0011
28.12,0.0006
28.10,0.0010
28.10,0.0062
28.09,0.0056
28.03,0.0003
28.02,0.0003
28.00,0.0043
27.99,0.0090
27.99,0.0066
27.94,0.0027
27.94,0.0035
27.92,0.0091
27.89,0.0089
27.88,0.0068
27.87,0.0042
27.86,0.0422
27.85,0.0038
27.84,0.0037
27.83,0.0039
27.81,0.0030
27.80,0.0061
27.78,0.0009
27.77,0.0026
27.76,0.0018
27.75,0.0015
27.72,0.0101
27.71,0.0023
27.70,0.0100
27.69,0.0057
27.67,0.0009
27.65,0.0057
27.65,0.0092
27.64,0.0008
27.63,0.0042
27.61,0.0039
27.58,0.0023
27.58,0.0059
27.54,0.0016
27.52,0.0060
27.51,0.0002
27.49,0.0048
27.48,0.0096
27.47,0.0037
27.46,0.0045
27.45,0.0141
27.42,0.0004
27.41,0.0002
27.40,0.0069
27.39,0.0050
27.37,0.0014
27.35,0.0111
27.35,0.0052
27.34,0.0007
27.33,0.0071
27.32,0.0011
27.29,0.0007
27.27,0.0008
27.25,0.0165
27.24,0.0034
27.23,0.0010
27.21,0.0087
27.19,0.0001
27.18,0.0050
27.16,0.0108
27.12,0.0044
27.12,0.0020
27.10,0.0018
27.09,0.0070
27.08,0.0048
27.07,0.0010
27.02,0.0028
27.02,0.0034
27.01,0.0044
27.00,0.0009
27.00,0.0018
26.97,0.0016
26.96,0.0006
26.95,0.0039
26.94,0.0002
26.89,0.0012
26.88,0.0090
26.86,0.0165
26.85,0.0007
26.84,0.0003
26.82,0.0132
26.79,0.0044
26.78,0.0000
26.77,0.0008
26.74,0.0097
26.72,0.0013
26.71,0.0065
26.68,0.0022
26.66,0.0008
26.64,0.0035
26.63,0.0075
26.62,0.0029
26.62,0.0009
26.61,0.0045
26.59,0.0025
26.58,0.0079
26.57,0.0026
26.55,0.0238
26.54,0.0006
26.53,0.0017
26.51,0.0014
26.49,0.0102
26.49,0.0111
26.47,0.0009
26.45,0.0056
26.43,0.0121
26.41,0.0295
26.40,0.0081
26.38,0.0227
26.38,0.0039
26.35,0.0183
26.33,0.0031
26.32,0.0030
26.31,0.0008
26.29,0.0090
26.28,0.0108
26.26,0.0081
26.22,0.0044
26.22,0.0032
26.19,0.0244
26.17,0.0113
26.15,0.0245
26.13,0.0106
26.10,0.0008
26.08,0.0094
26.07,0.0083
26.06,0.0008
26.06,0.0013
26.05,0.0034
26.02,0.0032
25.97,0.0031
25.95,0.0017
25.93,0.0035
25.91,0.0089
25.90,0.0120
25.89,0.0083
25.87,0.0013
25.85,0.0016
25.83,0.0025
25.82,0.0116
25.79,0.0019
25.79,0.0078
25.76,0.0006
25.74,0.0015
25.72,0.0030
25.72,0.0060
25.71,0.0019
25.69,0.0086
25.66,0.0033
25.65,0.0065
25.62,0.0030
25.60,0.0181
25.59,0.0020
25.59,0.0041
25.57,0.0008
25.56,0.0098
25.55,0.0056
25.53,0.0093
25.51,0.0050
25.50,0.0041
25.49,0.0066
25.48,0.0063
25.48,0.0065
25.47,0.0039
25.45,0.0031
25.44,0.0095
25.43,0.0036
25.41,0.0122
25.40,0.0052
25.39,0.0090
25.37,0.0031
25.33,0.0010
25.32,0.0227
25.31,0.0063
25.28,0.0053
25.27,0.0055
25.26,0.0091
25.24,0.0043
25.24,0.0057
25.21,0.0014
25.20,0.0028
25.18,0.0020
25.17,0.0014
25.16,0.0021
25.11,0.0015
25.11,0.0066
25.08,0.0145
25.05,0.0042
25.05,0.0008
25.04,0.0012
25.02,0.0010
25.01,0.0006
24.98,0.0044
24.97,0.0128
24.94,0.0045
24.92,0.0064
24.92,0.0103
24.90,0.0063
24.90,0.0026
24.86,0.0054
24.84,0.0011
24.83,0.0012
24.82,0.0012
24.80,0.0030
24.76,0.0046
24.75,0.0030
24.72,0.0264
24.70,0.0167
24.70,0.0077
24.68,0.0091
24.67,0.0010
24.66,0.0147
24.63,0.0069
24.63,0.0217
24.61,0.0051
24.60,0.0172
24.58,0.0018
24.57,0.0033
24.57,0.0009
24.55,0.0018
24.54,0.0080
24.52,0.0075
24.49,0.0042
24.48,0.0175
24.47,0.0010
24.44,0.0018
24.42,0.0043
24.41,0.0018
24.39,0.0147
24.36,0.0102
24.33,0.0116
24.33,0.0146
24.33,0.0005
24.31,0.0017
24.29,0.0081
24.27,0.0029
24.26,0.0089
24.24,0.0042
24.24,0.0072
24.23,0.0095
24.22,0.0195
24.20,0.0008
24.18,0.0075
24.17,0.0024
24.15,0.0100
24.15,0.0014
24.14,0.0010
24.13,0.0098
24.11,0.0055
24.09,0.0098
24.06,0.0058
24.05,0.0081
24.04,0.0050
24.02,0.0196
24.00,0.0017
24.00,0.0046
23.99,0.0040
23.97,0.0015
23.96,0.0010
23.96,0.0004
23.94,0.0092
23.93,0.0040
23.90,0.0102
23.89,0.0141
23.89,0.0077
23.87,0.0211
23.86,0.0009
23.83,0.0046
23.82,0.0076
23.80,0.0127
23.79,0.0369
23.76,0.0193
23.73,0.0100
23.72,0.0461
23.68,0.0199
23.67,0.0013
23.66,0.0108
23.66,0.0169
23.65,0.0156
23.63,0.0195
23.62,0.0115
23.61,0.0353
23.60,0.0043
23.59,0.0261
23.58,0.0052
23.57,0.0035
23.56,0.0179
23.55,0.0025
23.54,0.0235
23.53,0.0457
23.51,0.0268
23.49,0.0129
23.47,0.0169
23.47,0.0504
23.45,0.0879
23.45,0.0056
23.43,0.0057
23.41,0.0153
23.37,0.0053
23.35,0.0033
23.35,0.0008
23.33,0.0143
23.32,0.0038
23.31,0.0063
23.28,0.0020
23.28,0.0108
23.26,0.0066
23.24,0.0025
23.23,0.0044
23.21,0.0071
23.19,0.0181
23.19,0.0062
23.17,0.0178
23.15,0.0078
23.14,0.0082
23.12,0.0077
23.11,0.0008
23.10,0.0175
23.09,0.0034
23.08,0.0018
23.08,0.0036
23.06,0.0032
23.04,0.0049
23.03,0.0121
23.01,0.0185
23.01,0.0010
23.00,0.0016
23.00,0.0010
22.97,0.0150
22.96,0.0304
22.95,0.0116
22.94,0.0129
22.93,0.0031
22.91,0.0184
22.90,0.0069
22.89,0.0126
22.86,0.0032
22.85,0.0140
22.84,0.0090
22.83,0.0079
22.81,0.0042
22.80,0.0001
22.79,0.0166
22.78,0.0130
22.78,0.0090
22.77,0.0163
22.77,0.0113
22.75,0.0044
22.73,0.0058
22.72,0.0065
22.70,0.0127
22.68,0.0096
22.66,0.0027
22.64,0.0211
22.62,0.0083
22.59,0.0002
22.58,0.0127
22.57,0.0037
22.57,0.0017
22.56,0.0401
22.55,0.0193
22.54,0.0095
22.52,0.0094
22.52,0.0022
22.50,0.0124
22.50,0.0411
22.48,0.0299
22.46,0.0060
22.44,0.0021
22.42,0.0114
22.41,0.0046
22.40,0.0132
22.39,0.0038
22.38,0.0106
22.36,0.0090
22.36,0.0030
22.34,0.0034
22.33,0.0024
22.32,0.0028
22.28,0.0041
22.27,0.0139
22.26,0.0118
22.25,0.0020
22.23,0.0130
22.22,0.0063
22.21,0.0456
22.19,0.0191
22.18,0.0092
22.17,0.0092
22.16,0.0013
22.15,0.0067
22.14,0.0011
22.12,0.0058
22.12,0.0028
22.10,0.0191
22.10,0.0136
22.09,0.0252
22.09,0.0248
22.07,0.0022
22.06,0.0061
22.05,0.0040
22.03,0.0049
22.02,0.0308
22.00,0.0050
21.98,0.0149
21.96,0.0032
21.95,0.0233
21.93,0.0281
21.92,0.0045
21.91,0.0109
21.91,0.0042
21.89,0.0069
21.88,0.0301
21.86,0.0014
21.85,0.0286
21.83,0.0010
21.81,0.0112
21.81,0.0055
21.80,0.0064
21.79,0.0050
21.79,0.0006
21.78,0.0062
21.77,0.0097
21.75,0.0104
21.74,0.0072
21.73,0.0167
21.72,0.0114
21.71,0.0026
21.70,0.0145
21.69,0.0100
21.67,0.0008
21.67,0.0004
21.66,0.0034
21.65,0.0051
21.65,0.0035
21.64,0.0084
21.62,0.0013
21.61,0.0006
21.61,0.0225
21.58,0.0010
21.58,0.0095
21.57,0.0022
21.56,0.0038
21.54,0.0003
21.52,0.0019
21.51,0.0039
21.51,0.0021
21.49,0.0049
21.48,0.0088
21.47,0.0009
21.46,0.0074
21.45,0.0012
21.45,0.0102
21.44,0.0178
21.42,0.0151
21.40,0.0182
21.39,0.0192
21.38,0.0005
21.36,0.0156
21.35,0.0065
21.35,0.0103
21.34,0.0308
21.34,0.0002
21.33,0.0055
21.29,0.0104
21.28,0.0022
21.27,0.0035
21.26,0.0155
21.25,0.0032
21.24,0.0263
21.23,0.0290
21.21,0.0119
21.20,0.0017
21.19,0.0065
21.18,0.0050
21.18,0.0014
21.17,0.0048
21.15,0.0022
21.15,0.0129
21.14,0.0198
21.10,0.0019
21.10,0.0028
21.09,0.0164
21.08,0.0060
21.06,0.0265
21.05,0.0059
21.03,0.0179
21.02,0.0136
21.01,0.0025
21.00,0.0046
20.99,0.0045
20.98,0.0051
20.95,0.0045
20.94,0.0012
20.94,0.0022
20.92,0.0018
20.91,0.0062
20.90,0.0089
20.89,0.0110
20.89,0.0021
20.88,0.0025
20.88,0.0097
20.86,0.0166
20.84,0.0078
20.83,0.0017
20.81,0.0077
20.80,0.0041
20.79,0.0262
20.78,0.0058
20.77,0.0024
20.76,0.0151
20.75,0.0037
20.74,0.0046
20.72,0.0045
20.71,0.0076
20.70,0.0134
20.69,0.0052
20.68,0.0107
20.67,0.0045
20.67,0.0086
20.66,0.0095
20.65,0.0039
20.64,0.0155
20.63,0.0055
20.61,0.0088
20.59,0.0239
20.57,0.0081
20.56,0.0161
20.55,0.0083
20.54,0.0116
20.53,0.0021
20.53,0.0061
20.52,0.0013
20.50,0.0023
20.50,0.0041
20.48,0.0087
20.46,0.0172
20.45,0.0066
20.44,0.0051
20.43,0.0142
20.41,0.0040
20.40,0.0061
20.39,0.0169
20.37,0.0204
20.37,0.0045
20.35,0.0030
20.35,0.0150
20.34,0.0007
20.33,0.0155
20.32,0.0022
20.31,0.0763
20.29,0.0118
20.29,0.0139
20.27,0.0059
20.26,0.0110
20.26,0.0076
20.24,0.0139
20.23,0.0030
20.23,0.0037
20.21,0.0003
20.20,0.0027
20.20,0.0045
20.19,0.0111
20.18,0.0036
20.16,0.0053
20.16,0.0041
20.14,0.0065
20.14,0.0129
20.12,0.0137
20.11,0.0004
20.09,0.0050
20.09,0.0043
20.06,0.0031
20.05,0.0054
20.04,0.0079
20.04,0.0144
20.03,0.0032
20.02,0.0032
20.01,0.0024
20.00,0.0173
20.00,0.0096
19.99,0.0106
19.99,0.0164
19.98,0.0179
19.97,0.0134
19.96,0.0088
19.95,0.0114
19.94,0.0026
19.93,0.0044
19.92,0.0043
19.91,0.0183
19.90,0.0013
19.88,0.0042
19.87,0.0011
19.87,0.0072
19.85,0.0039
19.85,0.0018
19.84,0.0128
19.82,0.0033
19.82,0.0111
19.81,0.0005
19.80,0.0219
19.80,0.0005
19.79,0.0071
19.79,0.0069
19.78,0.0096
19.77,0.0164
19.76,0.0010
19.76,0.0013
19.75,0.0259
19.74,0.0022
19.73,0.0040
19.71,0.0011
19.71,0.0054
19.70,0.0034
19.69,0.0107
19.69,0.0049
19.67,0.0044
19.66,0.0025
19.65,0.0021
19.65,0.0006
19.63,0.0013
19.63,0.0127
19.62,0.0004
19.61,0.0026
19.58,0.0085
19.57,0.0013
19.55,0.0075
19.55,0.0059
19.54,0.0071
19.53,0.0193
19.52,0.0024
19.51,0.0055
19.50,0.0151
19.50,0.0054
19.49,0.0399
19.49,0.0151
19.47,0.0050
19.47,0.0225
19.45,0.0121
19.44,0.0022
19.43,0.0004
19.43,0.0186
19.41,0.0068
19.40,0.0037
19.40,0.0009
19.39,0.0012
19.38,0.0115
19.37,0.0072
19.36,0.0083
19.35,0.0023
19.34,0.0275
19.34,0.0111
19.33,0.0043
19.32,0.0050
19.32,0.0106
19.31,0.0152
19.31,0.0044
19.31,0.0087
19.29,0.0085
19.28,0.0044
19.27,0.0074
19.26,0.0057
19.25,0.0018
19.25,0.0046
19.24,0.0107
19.23,0.0277
19.22,0.0198
19.22,0.0009
19.21,0.0056
19.20,0.0043
19.19,0.0036
19.19,0.0087
19.18,0.0006
19.18,0.0025
19.17,0.0084
19.15,0.0055
19.14,0.0010
19.14,0.0178
19.13,0.0008
19.12,0.0011
19.11,0.0024
19.11,0.0125
19.10,0.0149
19.09,0.0002
19.08,0.0020
19.05,0.0069
19.04,0.0083
19.02,0.0130
19.02,0.0091
19.01,0.0053
19.00,0.0061
18.99,0.0059
18.98,0.0157
18.98,0.0070
18.96,0.0007
18.96,0.0105
18.95,0.0042
18.94,0.0231
18.92,0.0013
18.92,0.0049
18.91,0.0079
18.91,0.0033
18.90,0.0050
18.89,0.0001
18.89,0.0023
18.88,0.0005
18.86,0.0107
18.85,0.0027
18.83,0.0175
18.83,0.0151
18.82,0.0027
18.81,0.0156
18.80,0.0085
18.79,0.0053
18.78,0.0015
18.76,0.0013
18.76,0.0077
18.75,0.0057
18.74,0.0032
18.74,0.0113
18.74,0.0015
18.73,0.0082
18.72,0.0166
18.70,0.0187
18.69,0.0033
18.68,0.0027
18.66,0.0168
18.65,0.0235
18.65,0.0305
18.64,0.0030
18.63,0.0042
18.62,0.0042
18.62,0.0069
18.61,0.0651
18.60,0.0103
18.60,0.0105
18.59,0.0138
18.59,0.0075
18.58,0.0226
18.57,0.0023
18.55,0.0009
18.55,0.0019
18.55,0.0047
18.54,0.0053
18.53,0.0051
18.53,0.0284
18.53,0.0029
18.52,0.0011
18.52,0.0044
18.51,0.0092
18.50,0.0010
18.49,0.0215
18.48,0.0052
18.47,0.0079
18.45,0.0049
18.44,0.0023
18.42,0.0033
18.42,0.0049
18.41,0.0049
18.40,0.0059
18.39,0.0083
18.38,0.0063
18.38,0.0000
18.36,0.0040
18.36,0.0246
18.35,0.0044
18.34,0.0082
18.33,0.0065
18.32,0.0047
18.32,0.0063
18.31,0.0211
18.31,0.0040
18.30,0.0010
18.29,0.0053
18.29,0.0080
18.28,0.0060
18.27,0.0047
18.27,0.0209
18.26,0.0043
18.25,0.0012
18.24,0.0142
18.23,0.0000
18.23,0.0185
18.23,0.0077
18.22,0.0024
18.21,0.0013
18.21,0.0006
18.20,0.0028
18.20,0.0134
18.19,0.0059
18.18,0.0321
18.17,0.0049
18.16,0.0012
18.16,0.0091
18.15,0.0111
18.14,0.0142
18.13,0.0194
18.12,0.0104
18.11,0.0059
18.10,0.0123
18.09,0.0010
18.09,0.0026
18.08,0.0059
18.08,0.0050
18.07,0.0076
18.06,0.0009
18.05,0.0043
18.05,0.0090
18.04,0.0045
18.04,0.0276
18.03,0.0249
18.01,0.0156
18.01,0.0035
18.00,0.0046
17.99,0.0011
17.98,0.0123
17.98,0.0032
17.97,0.0306
17.95,0.0060
17.95,0.0096
17.95,0.0098
17.95,0.0021
17.94,0.0026
17.93,0.0022
17.92,0.0008
17.92,0.0002
17.90,0.0123
17.90,0.0067
17.88,0.0230
17.88,0.0040
17.87,0.0033
17.86,0.0016
17.85,0.0070
17.84,0.0020
17.84,0.0095
17.83,0.0124
17.83,0.0017
17.82,0.0039
17.81,0.0029
17.80,0.0019
17.79,0.0069
17.79,0.0042
17.78,0.0062
17.77,0.0156
17.76,0.0083
17.75,0.0322
17.75,0.0015
17.73,0.0053
17.73,0.0012
17.73,0.0005
17.72,0.0045
17.71,0.0027
17.70,0.0075
17.68,0.0022
17.66,0.0053
17.66,0.0063
17.66,0.0120
17.64,0.0040
17.64,0.0057
17.63,0.0044
17.61,0.0049
17.60,0.0028
17.59,0.0042
17.59,0.0002
17.58,0.0010
17.58,0.0002
17.57,0.0075
17.56,0.0009
17.55,0.0031
17.54,0.0009
17.53,0.0115
17.53,0.0039
17.53,0.0019
17.52,0.0070
17.51,0.0028
17.51,0.0024
17.50,0.0071
17.49,0.0284
17.48,0.0035
17.47,0.0070
17.47,0.0075
17.46,0.0056
17.45,0.0024
17.44,0.0005
17.44,0.0009
17.43,0.0024
17.42,0.0175
17.41,0.0005
17.40,0.0024
17.40,0.0112
17.39,0.0097
17.39,0.0048
17.38,0.0060
17.36,0.0028
17.35,0.0100
17.34,0.0088
17.33,0.0021
17.32,0.0031
17.31,0.0077
17.30,0.0011
17.30,0.0015
17.29,0.0020
17.28,0.0088
17.28,0.0065
17.26,0.0047
17.25,0.0131
17.23,0.0010
17.23,0.0040
17.22,0.0075
17.21,0.0028
17.20,0.0017
17.20,0.0117
17.19,0.0063
17.18,0.0048
17.17,0.0044
17.16,0.0096
17.16,0.0009
17.15,0.0011
17.14,0.0023
17.14,0.0005
17.14,0.0031
17.13,0.0044
17.12,0.0035
17.12,0.0125
17.11,0.0044
17.11,0.0035
17.10,0.0041
17.09,0.0010
17.08,0.0164
17.08,0.0014
17.07,0.0026
17.06,0.0010
17.05,0.0036
17.05,0.0026
17.04,0.0045
17.03,0.0075
17.03,0.0091
17.02,0.0031
17.02,0.0017
17.01,0.0135
17.01,0.0041
17.00,0.0015
17.00,0.0006
16.99,0.0183
16.98,0.0032
16.98,0.0010
16.97,0.0067
16.96,0.0038
16.95,0.0034
16.95,0.0038
16.94,0.0049
16.94,0.0109
16.93,0.0010
16.92,0.0004
16.92,0.0004
16.91,0.0010
16.91,0.0022
16.89,0.0171
16.88,0.0018
16.87,0.0189
16.86,0.0016
16.86,0.0008
16.86,0.0018
16.85,0.0065
16.84,0.0011
16.84,0.0047
16.84,0.0041
16.82,0.0060
16.82,0.0035
16.81,0.0065
16.80,0.0040
16.79,0.0139
16.79,0.0013
16.77,0.0015
16.77,0.0039
16.76,0.0087
16.74,0.0022
16.73,0.0008
16.73,0.0038
16.72,0.0168
16.71,0.0019
16.71,0.0076
16.70,0.0002
16.69,0.0005
16.68,0.0028
16.66,0.0036
16.66,0.0099
16.66,0.0016
16.64,0.0008
16.64,0.0034
16.63,0.0046
16.63,0.0042
16.62,0.0013
16.62,0.0042
16.61,0.0031
16.61,0.0047
16.60,0.0002
16.59,0.0052
16.59,0.0021
16.58,0.0030
16.58,0.0169
16.57,0.0068
16.56,0.0140
16.55,0.0059
16.54,0.0050
16.54,0.0060
16.52,0.0236
16.51,0.0118
16.50,0.0074
16.50,0.0047
16.50,0.0010
16.49,0.0083
16.47,0.0119
16.46,0.0044
16.44,0.0064
16.44,0.0042
16.44,0.0021
16.43,0.0088
16.42,0.0141
16.41,0.0073
16.41,0.0072
16.40,0.0020
16.39,0.0054
16.37,0.0053
16.37,0.0026
16.36,0.0034
16.35,0.0041
16.34,0.0050
16.33,0.0108
16.32,0.0035
16.32,0.0031
16.31,0.0014
16.29,0.0057
16.29,0.0097
16.28,0.0015
16.26,0.0041
16.25,0.0012
16.25,0.0069
16.24,0.0014
16.24,0.0149
16.23,0.0067
16.21,0.0006
16.20,0.0018
16.20,0.0032
16.19,0.0046
16.19,0.0021
16.18,0.0000
16.16,0.0083
16.16,0.0153
16.15,0.0000
16.15,0.0062
16.14,0.0066
16.14,0.0101
16.12,0.0064
16.11,0.0109
16.10,0.0007
16.10,0.0133
16.09,0.0061
16.08,0.0009
16.07,0.0270
16.06,0.0200
16.06,0.0057
16.04,0.0004
16.04,0.0012
16.04,0.0048
16.02,0.0006
16.02,0.0008
16.01,0.0017
16.00,0.0002
16.00,0.0032
15.99,0.0219
15.98,0.0092
15.98,0.0172
15.97,0.0021
15.96,0.0006
15.96,0.0010
15.95,0.0076
15.94,0.0005
15.93,0.0053
15.92,0.0054
15.92,0.0072
15.92,0.0024
15.91,0.0045
15.90,0.0099
15.89,0.0099
15.88,0.0009
15.88,0.0058
15.87,0.0043
15.86,0.0049
15.86,0.0012
15.85,0.0034
15.85,0.0060
15.84,0.0012
15.83,0.0083
15.83,0.0009
15.82,0.0091
15.81,0.0075
15.81,0.0028
15.79,0.0034
15.79,0.0037
15.78,0.0009
15.78,0.0051
15.77,0.0015
15.76,0.0018
15.75,0.0017
15.74,0.0030
15.73,0.0029
15.72,0.0019
15.71,0.0012
15.70,0.0004
15.69,0.0091
15.68,0.0066
15.68,0.0417
15.68,0.0076
15.67,0.0010
15.67,0.0049
15.67,0.0186
15.65,0.0109
15.65,0.0051
15.64,0.0020
15.62,0.0124
15.62,0.0014
15.62,0.0005
15.61,0.0017
15.60,0.0066
15.59,0.0050
15.58,0.0034
15.57,0.0013
15.56,0.0086
15.55,0.0047
15.55,0.0004
15.54,0.0037
15.54,0.0002
15.53,0.0042
15.53,0.0009
15.53,0.0131
15.53,0.0093
15.53,0.0064
15.52,0.0137
15.51,0.0071
15.50,0.0109
15.50,0.0026
15.50,0.0060
15.49,0.0049
15.48,0.0014
15.47,0.0013
15.47,0.0012
15.45,0.0016
15.42,0.0007
15.41,0.0038
15.40,0.0059
15.39,0.0049
15.38,0.0100
15.37,0.0132
15.36,0.0049
15.36,0.0073
15.35,0.0049
15.34,0.0006
15.33,0.0069
15.32,0.0050
15.32,0.0077
15.31,0.0059
15.30,0.0010
15.30,0.0115
15.29,0.0039
15.27,0.0048
15.27,0.0010
15.27,0.0019
15.26,0.0070
15.25,0.0099
15.23,0.0023
15.23,0.0004
15.22,0.0038
15.21,0.0018
15.21,0.0097
15.20,0.0054
15.18,0.0105
15.17,0.0061
15.16,0.0017
15.15,0.0019
15.14,0.0015
15.13,0.0040
15.13,0.0197
15.12,0.0041
15.12,0.0035
15.11,0.0027
15.07,0.0029
15.05,0.0014
15.05,0.0014
15.05,0.0007
15.03,0.0025
15.03,0.0081
15.02,0.0056
15.01,0.0041
15.01,0.0039
15.00,0.0082
14.99,0.0008
14.98,0.0101
14.97,0.0002
14.96,0.0023
14.95,0.0030
14.95,0.0071
14.94,0.0004
14.93,0.0061
14.92,0.0050
14.90,0.0010
14.90,0.0006
14.88,0.0025
14.86,0.0063
14.86,0.0004
14.86,0.0158
14.84,0.0009
14.84,0.0090
14.83,0.0026
14.82,0.0024
14.81,0.0009
14.81,0.0052
14.81,0.0113
14.79,0.0082
14.78,0.0028
14.78,0.0037
14.78,0.0028
14.77,0.0061
14.76,0.0099
14.76,0.0118
14.75,0.0125
14.75,0.0080
14.74,0.0021
14.73,0.0060
14.72,0.0018
14.70,0.0026
14.70,0.0027
14.69,0.0069
14.68,0.0025
14.67,0.0004
14.66,0.0002
14.65,0.0049
14.64,0.0020
14.63,0.0081
14.63,0.0068
14.62,0.0004
14.60,0.0021
14.60,0.0059
14.59,0.0028
14.58,0.0109
14.57,0.0069
14.57,0.0052
14.55,0.0063
14.55,0.0181
14.55,0.0092
14.54,0.0002
14.53,0.0076
14.52,0.0068
14.51,0.0018
14.51,0.0009
14.50,0.0059
14.50,0.0022
14.49,0.0082
14.49,0.0066
14.48,0.0050
14.47,0.0005
14.46,0.0089
14.44,0.0004
14.43,0.0072
14.40,0.0009
14.40,0.0032
14.39,0.0027
14.36,0.0190
14.36,0.0046
14.35,0.0056
14.34,0.0014
14.32,0.0016
14.32,0.0008
14.31,0.0008
14.30,0.0030
14.30,0.0065
14.29,0.0024
14.28,0.0020
14.28,0.0034
14.27,0.0026
14.26,0.0067
14.26,0.0052
14.26,0.0249
14.24,0.0016
14.23,0.0075
14.22,0.0048
14.21,0.0043
14.20,0.0027
14.19,0.0060
14.19,0.0187
14.18,0.0064
14.17,0.0082
14.14,0.0008
14.13,0.0072
14.12,0.0019
14.12,0.0087
14.11,0.0022
14.10,0.0339
14.10,0.0147
14.10,0.0026
14.09,0.0011
14.09,0.0021
14.08,0.0002
14.07,0.0018
14.07,0.0073
14.06,0.0059
14.06,0.0025
14.05,0.0012
14.05,0.0033
14.03,0.0104
14.03,0.0145
14.02,0.0020
14.01,0.0142
13.99,0.0046
13.99,0.0015
13.99,0.0047
13.99,0.0045
13.97,0.0057
13.97,0.0102
13.96,0.0035
13.95,0.0032
13.94,0.0009
13.94,0.0133
13.93,0.0029
13.92,0.0021
13.91,0.0025
13.91,0.0016
13.89,0.0002
13.89,0.0002
13.88,0.0051
13.87,0.0066
13.85,0.0018
13.85,0.0004
13.85,0.0117
13.84,0.0043
13.84,0.0310
13.83,0.0075
13.81,0.0066
13.80,0.0036
13.79,0.0075
13.78,0.0002
13.77,0.0045
13.76,0.0029
13.75,0.0019
13.75,0.0076
13.74,0.0080
13.72,0.0016
13.72,0.0068
13.69,0.0062
13.69,0.0121
13.68,0.0215
13.66,0.0006
13.66,0.0047
13.65,0.0020
13.65,0.0167
13.65,0.0065
13.64,0.0177
13.64,0.0026
13.62,0.0058
13.61,0.0060
13.61,0.0016
13.60,0.0076
13.60,0.0042
13.59,0.0096
13.58,0.0033
13.58,0.0072
13.56,0.0082
13.56,0.0015
13.55,0.0043
13.54,0.0082
13.54,0.0034
13.53,0.0030
13.52,0.0040
13.52,0.0344
13.50,0.0137
13.50,0.0289
13.49,0.0133
13.49,0.0053
13.48,0.0011
13.46,0.0065
13.45,0.0042
13.44,0.0049
13.43,0.0051
13.43,0.0009
13.40,0.0288
13.40,0.0225
13.39,0.0393
13.38,0.0121
13.37,0.0318
13.36,0.0104
13.36,0.0029
13.34,0.0212
13.33,0.0207
13.33,0.0219
13.33,0.0004
13.31,0.0025
13.29,0.0207
13.29,0.0055
13.28,0.0255
13.28,0.0156
13.27,0.0100
13.27,0.0010
13.26,0.0010
13.25,0.0094
13.25,0.0071
13.24,0.0029
13.24,0.0192
13.23,0.0025
13.23,0.0192
13.22,0.0014
13.21,0.0006
13.20,0.0059
13.19,0.0189
13.19,0.0183
13.18,0.0033
13.17,0.0018
13.17,0.0090
13.16,0.0059
13.15,0.0027
13.14,0.0083
13.13,0.0023
13.13,0.0026
13.12,0.0067
13.11,0.0105
13.11,0.0002
13.10,0.0060
13.09,0.0149
13.09,0.0045
13.08,0.0021
13.07,0.0099
13.06,0.0008
13.04,0.0016
13.03,0.0004
13.03,0.0033
13.03,0.0030
13.01,0.0310
12.99,0.0173
12.99,0.0005
12.98,0.0049
12.98,0.0003
12.97,0.0017
12.97,0.0025
12.96,0.0099
12.96,0.0087
12.95,0.0072
12.95,0.0012
12.94,0.0018
12.93,0.0103
12.91,0.0033
12.91,0.0001
12.90,0.0020
12.89,0.0019
12.88,0.0000
12.87,0.0029
12.86,0.0058
12.86,0.0057
12.86,0.0009
12.85,0.0059
12.84,0.0247
12.84,0.0321
12.83,0.0012
12.81,0.0223
12.80,0.0044
12.79,0.0049
12.79,0.0041
12.79,0.0373
12.77,0.0015
12.77,0.0075
12.76,0.0067
12.76,0.0070
12.74,0.0028
12.73,0.0039
12.72,0.0075
12.72,0.0025
12.71,0.0027
12.71,0.0000
12.71,0.0081
12.70,0.0112
12.68,0.0084
12.67,0.0009
12.65,0.0047
12.64,0.0087
12.64,0.0045
12.63,0.0077
12.62,0.0014
12.62,0.0102
12.61,0.0045
12.61,0.0007
12.60,0.0055
12.56,0.0061
12.55,0.0010
12.55,0.0060
12.53,0.0075
12.53,0.0025
12.52,0.0004
12.52,0.0079
12.51,0.0064
12.51,0.0100
12.50,0.0026
12.49,0.0007
12.47,0.0104
12.47,0.0005
12.46,0.0008
12.45,0.0010
12.45,0.0010
12.44,0.0112
12.43,0.0072
12.42,0.0020
12.42,0.0010
12.41,0.0067
12.41,0.0034
12.40,0.0008
12.39,0.0088
12.38,0.0016
12.37,0.0003
12.37,0.0057
12.33,0.0061
12.32,0.0026
12.31,0.0067
12.31,0.0095
12.30,0.0013
12.30,0.0028
12.29,0.0057
12.28,0.0006
12.28,0.0024
12.27,0.0013
12.26,0.0061
12.26,0.0021
12.25,0.0019
12.23,0.0130
12.22,0.0046
12.20,0.0070
12.18,0.0135
12.17,0.0035
12.16,0.0000
12.13,0.0024
12.13,0.0012
12.12,0.0010
12.11,0.0013
12.11,0.0141
12.11,0.0029
12.10,0.0078
12.08,0.0005
12.08,0.0166
12.06,0.0042
12.05,0.0028
12.04,0.0001
12.03,0.0051
12.02,0.0172
12.01,0.0071
12.00,0.0013
11.99,0.0054
11.99,0.0011
11.98,0.0007
11.97,0.0009
11.97,0.0007
11.96,0.0141
11.96,0.0021
11.93,0.0032
11.92,0.0025
11.92,0.0007
11.90,0.0003
11.88,0.0142
11.87,0.0007
11.86,0.0010
11.85,0.0049
11.84,0.0019
11.83,0.0013
11.82,0.0004
11.81,0.0001
11.80,0.0004
11.79,0.0088
11.78,0.0069
11.76,0.0007
11.75,0.0049
11.75,0.0035
11.74,0.0126
11.73,0.0018
11.71,0.0039
11.70,0.0008
11.70,0.0031
11.69,0.0001
11.68,0.0000
11.66,0.0044
11.66,0.0006
11.65,0.0000
11.61,0.0122
11.60,0.0129
11.60,0.0151
11.59,0.0030
11.58,0.0116
11.57,0.0042
11.55,0.0160
11.53,0.0727
11.53,0.0012
11.52,0.0037
11.50,0.0108
11.49,0.0011
11.48,0.0006
11.47,0.0000
11.46,0.0061
11.46,0.0037
11.46,0.0005
11.42,0.0065
11.39,0.0092
11.38,0.0021
11.37,0.0022
11.36,0.0000
11.36,0.0011
11.34,0.0001
11.34,0.0032
11.33,0.0006
11.32,0.0001
11.30,0.0001
11.30,0.0023
11.28,0.0007
11.27,0.0493
11.26,0.0203
11.24,0.0018
11.23,0.0008
11.23,0.0020
11.22,0.0011
11.22,0.0047
11.22,0.0005
11.21,0.0041
11.17,0.0025
11.16,0.0165
11.13,0.0001
11.12,0.0045
11.12,0.0022
11.09,0.0004
11.06,0.0031
11.05,0.0200
11.04,0.0585
11.03,0.0013
11.00,0.0017
10.97,0.0085
10.96,0.0055
10.94,0.0021
10.93,0.0039
10.92,0.0022
10.91,0.0028
10.90,0.0021
10.90,0.0005
10.86,0.0116
10.83,0.0004
10.81,0.0002
10.80,0.0000
10.77,0.0171
10.76,0.0098
10.73,0.0473
10.70,0.0191
10.68,0.0002
10.67,0.0096
10.66,0.0052
10.66,0.0015
10.64,0.0009
10.61,0.0005
10.60,0.0063
10.56,0.0005
10.56,0.0001
10.51,0.0027
10.49,0.0000
10.46,0.0009
10.46,0.0003
10.46,0.0005
10.45,0.0024
10.39,0.0460
10.35,0.0033
10.30,0.0344
10.30,0.0061
10.29,0.0022
10.25,0.0017
10.23,0.0284
10.17,0.0002
10.17,0.0026
10.14,0.0081
10.14,0.0010
10.13,0.0241
10.10,0.0017
10.07,0.0051
10.05,0.0010
9.96,0.0003
9.92,0.0007
9.92,0.0056
9.90,0.0000
9.87,0.0004
9.78,0.0006
9.63,0.0015
9.58,0.0000
9.56,0.0002
9.53,0.0011
9.43,0.0007
9.37,0.0001
9.08,0.0004
9.08,0.0016
