187.34,0.0385
172.66,0.4383
169.63,0.0433
161.55,0.0150
156.56,0.0053
154.22,0.0082
152.86,0.0031
151.25,0.0032
148.25,0.0726
146.12,0.0422
144.27,0.0465
142.19,0.0030
138.46,0.0242
133.49,0.0171
132.22,0.0153
131.53,0.0201
130.84,0.0266
130.22,0.0034
128.97,0.0132
128.03,0.0693
127.59,0.0216
126.65,0.0084
124.87,0.0220
123.81,0.0228
122.77,0.0067
122.32,0.0111
120.64,0.0075
120.50,0.0270
119.89,0.0085
119.39,0.0893
118.72,0.0531
118.27,0.0157
117.53,0.0315
116.54,0.0094
116.43,0.0052
115.73,0.0446
115.14,0.0076
114.87,0.0573
114.38,0.0202
113.47,0.1666
113.17,0.0415
112.36,0.0171
111.93,0.0347
111.43,0.0290
111.25,0.0042
110.70,0.0187
110.41,0.0150
109.96,0.0502
109.71,0.0107
109.00,0.0117
108.33,0.0037
108.21,0.0091
107.89,0.0423
107.66,0.0507
107.30,0.0634
106.14,0.0068
105.40,0.0068
105.29,0.0031
105.05,0.0088
104.65,0.0263
104.53,0.0168
104.35,0.0127
104.16,0.0225
103.70,0.0415
103.51,0.0395
103.41,0.0095
103.08,0.0275
102.69,0.0081
102.56,0.0187
102.50,0.0056
102.19,0.0302
101.64,0.0069
101.16,0.0108
101.03,0.0033
100.93,0.0230
100.86,0.0064
100.72,0.0463
100.27,0.0150
100.22,0.0519
99.90,0.0168
99.75,0.0528
99.29,0.0119
98.98,0.0298
98.68,0.0600
98.40,0.0374
98.14,0.0292
97.96,0.0680
97.90,0.0577
97.70,0.0440
97.63,0.0511
96.99,0.0317
96.78,0.0490
96.70,0.0210
96.27,0.0526
96.02,0.0376
95.94,0.0154
95.67,0.0167
95.41,0.0085
95.18,0.0804
95.09,0.0404
94.96,0.0073
94.90,0.0343
94.85,0.0032
94.58,0.0475
94.34,0.0215
94.29,0.0797
94.04,0.0322
93.84,0.0540
93.69,0.0118
93.50,0.0318
93.32,0.0175
93.16,0.0156
92.92,0.0359
92.78,0.0303
92.64,0.0083
92.62,0.0460
92.51,0.0706
92.29,0.0238
92.25,0.0564
91.85,0.0955
91.70,0.0394
91.49,0.0692
91.30,0.0728
91.09,0.0025
90.97,0.0792
90.83,0.0364
90.79,0.0522
90.60,0.1184
90.46,0.0283
90.28,0.0361
90.11,0.0149
89.82,0.0001
89.59,0.0037
89.32,0.0255
89.22,0.0322
89.16,0.0234
88.88,0.0164
88.80,0.0041
88.71,0.0437
88.43,0.0104
88.27,0.0550
88.13,0.0302
88.04,0.0067
87.83,0.0318
87.60,0.0720
87.57,0.0267
87.44,0.0075
87.39,0.0415
87.24,0.0092
87.15,0.0842
87.04,0.0722
86.86,0.0458
86.74,0.0075
86.71,0.0129
86.51,0.0366
86.41,0.0103
86.36,0.0414
86.14,0.0044
86.12,0.0141
86.00,0.0152
85.83,0.0261
85.79,0.0165
85.68,0.0180
85.52,0.0097
85.46,0.0691
85.33,0.0285
85.23,0.0205
84.99,0.0483
84.94,0.0340
84.88,0.0208
84.80,0.0223
84.61,0.0288
84.48,0.0282
84.44,0.0165
84.30,0.0234
84.22,0.0173
84.09,0.0131
83.94,0.0510
83.74,0.0345
83.67,0.0309
83.58,0.0185
83.50,0.0070
83.43,0.0086
83.33,0.0424
83.17,0.0277
83.08,0.0030
83.02,0.0122
82.88,0.0212
82.54,0.0156
82.52,0.0253
82.36,0.0171
82.25,0.0292
82.19,0.0046
82.14,0.0020
82.08,0.0170
81.90,0.0322
81.86,0.0183
81.76,0.0121
81.73,0.0142
81.68,0.0326
81.61,0.0075
81.55,0.0621
81.47,0.0714
81.41,0.0537
81.29,0.0379
81.15,0.0468
81.12,0.0241
81.00,0.0204
81.00,0.0458
80.90,0.0806
80.69,0.0050
80.65,0.0410
80.58,0.0231
80.46,0.0262
80.35,0.0219
80.25,0.0615
80.22,0.0256
80.16,0.0458
79.97,0.0570
79.93,0.0403
79.87,0.0081
79.78,0.0702
79.76,0.0684
79.57,0.0078
79.52,0.0179
79.31,0.0331
79.26,0.0531
79.24,0.0233
79.15,0.0253
79.03,0.0044
78.96,0.0287
78.80,0.0152
78.75,0.0352
78.69,0.0201
78.59,0.0066
78.55,0.0760
78.50,0.0190
78.41,0.0083
78.28,0.0117
78.16,0.0185
78.06,0.0449
78.00,0.0097
77.87,0.0106
77.74,0.0256
77.70,0.0015
77.67,0.0279
77.56,0.0344
77.45,0.0419
77.39,0.0180
77.32,0.0052
77.21,0.0194
77.16,0.0370
76.99,0.0674
76.97,0.0385
76.83,0.0610
76.75,0.0209
76.72,0.1067
76.61,0.0028
76.48,0.0293
76.45,0.0205
76.41,0.0120
76.31,0.0728
76.30,0.0266
76.23,0.0167
76.18,0.0293
76.07,0.0063
76.03,0.0167
75.92,0.0585
75.76,0.0053
75.75,0.0256
75.65,0.0264
75.56,0.0254
75.52,0.0812
75.47,0.0130
75.36,0.0384
75.31,0.0367
75.27,0.0008
75.16,0.0347
75.10,0.0253
75.03,0.0069
74.95,0.0043
74.92,0.0244
74.79,0.0130
74.74,0.0321
74.63,0.0207
74.59,0.0451
74.52,0.0166
74.46,0.0329
74.41,0.0208
74.34,0.0083
74.27,0.0641
74.20,0.0281
74.14,0.0120
74.09,0.0130
74.02,0.0016
73.98,0.0172
73.87,0.0383
73.76,0.0361
73.75,0.0030
73.72,0.0812
73.62,0.0106
73.56,0.0655
73.48,0.0240
73.38,0.0248
73.32,0.0957
73.24,0.0257
73.18,0.0861
73.17,0.0643
73.07,0.0181
73.00,0.0204
72.91,0.0229
72.85,0.0073
72.76,0.0092
72.72,0.0049
72.65,0.0165
72.60,0.0140
72.48,0.0286
72.43,0.0047
72.40,0.0208
72.34,0.0078
72.25,0.0117
72.18,0.0042
72.15,0.0767
72.05,0.0415
72.02,0.0050
71.96,0.0138
71.86,0.0191
71.84,0.0251
71.76,0.0136
71.67,0.0122
71.63,0.0073
71.56,0.0042
71.51,0.0060
71.47,0.0523
71.42,0.0462
71.38,0.0661
71.30,0.0313
71.22,0.0479
71.15,0.0542
71.10,0.0008
71.05,0.0047
70.98,0.0563
70.93,0.0521
70.84,0.0222
70.78,0.0041
70.77,0.0418
70.69,0.0206
70.58,0.0100
70.53,0.0037
70.46,0.0014
70.39,0.0318
70.36,0.0383
70.30,0.0052
70.27,0.0016
70.18,0.0109
70.12,0.0064
70.07,0.0301
70.00,0.0090
69.98,0.0399
69.85,0.0033
69.83,0.0501
69.83,0.0187
69.79,0.0052
69.72,0.0375
69.67,0.0723
69.63,0.0398
69.50,0.0633
69.47,0.0732
69.43,0.0164
69.38,0.0179
69.36,0.0160
69.28,0.0142
69.26,0.0247
69.17,0.0125
69.14,0.0453
69.05,0.0147
68.98,0.0104
68.91,0.0331
68.87,0.0024
68.83,0.0104
68.81,0.0393
68.68,0.0045
68.65,0.0212
68.61,0.0038
68.58,0.0085
68.52,0.0121
68.48,0.0202
68.42,0.0309
68.38,0.0171
68.33,0.0131
68.28,0.0082
68.20,0.0017
68.13,0.0025
68.09,0.0206
68.06,0.0148
67.99,0.0140
67.95,0.0151
67.92,0.0058
67.86,0.0106
67.84,0.0093
67.78,0.0110
67.73,0.0287
67.69,0.0389
67.63,0.0021
67.60,0.0090
67.56,0.0107
67.50,0.0284
67.45,0.0200
67.39,0.0714
67.36,0.0161
67.34,0.0298
67.28,0.0221
67.21,0.0202
67.20,0.0086
67.15,0.0182
67.09,0.0192
67.08,0.0091
67.04,0.0194
67.00,0.0141
66.92,0.0047
66.88,0.0580
66.86,0.0242
66.76,0.0167
66.70,0.0359
66.67,0.0067
66.62,0.0135
66.52,0.0123
66.47,0.0287
66.45,0.0088
66.42,0.0165
66.39,0.0121
66.34,0.0007
66.30,0.0100
66.26,0.0002
66.19,0.0188
66.18,0.0193
66.14,0.0110
66.10,0.0133
66.09,0.0024
66.04,0.0365
65.94,0.0000
65.87,0.0046
65.79,0.0014
65.75,0.0056
65.73,0.0232
65.66,0.0126
65.63,0.0099
65.60,0.0065
65.51,0.0302
65.48,0.0265
65.47,0.0083
65.43,0.0072
65.40,0.0145
65.39,0.0188
65.32,0.0297
65.27,0.0121
65.24,0.0267
65.18,0.0263
65.12,0.0019
65.10,0.0111
65.02,0.0095
65.00,0.0057
64.98,0.0066
64.85,0.0275
64.82,0.0146
64.75,0.0079
64.75,0.0122
64.63,0.0147
64.60,0.0221
64.57,0.0334
64.52,0.0588
64.51,0.0048
64.46,0.0196
64.44,0.0221
64.38,0.0308
64.35,0.0251
64.31,0.0184
64.26,0.0206
64.22,0.0053
64.17,0.0145
64.13,0.0204
64.11,0.0350
64.07,0.0253
64.00,0.0276
63.90,0.0181
63.89,0.0114
63.84,0.0396
63.83,0.0060
63.77,0.0042
63.75,0.0210
63.69,0.0108
63.66,0.0248
63.62,0.0744
63.54,0.0531
63.47,0.0178
63.41,0.0077
63.39,0.0031
63.37,0.0044
63.33,0.0399
63.32,0.0277
63.24,0.0133
63.22,0.0043
63.17,0.0051
63.11,0.0024
63.08,0.0013
63.04,0.0051
62.99,0.0028
62.97,0.0461
62.95,0.0070
62.92,0.0101
62.87,0.0023
62.85,0.0102
62.80,0.0129
62.75,0.0366
62.67,0.0256
62.64,0.0132
62.60,0.0247
62.55,0.0137
62.54,0.0186
62.50,0.0371
62.44,0.0101
62.40,0.0214
62.40,0.0142
62.35,0.0257
62.33,0.0048
62.31,0.0041
62.28,0.0119
62.23,0.0171
62.19,0.0056
62.13,0.0226
62.10,0.0180
62.06,0.0032
62.02,0.0308
61.95,0.0257
61.90,0.0286
61.90,0.0446
61.88,0.0105
61.86,0.0071
61.81,0.0313
61.77,0.0187
61.74,0.0140
61.71,0.0247
61.65,0.0252
61.63,0.0175
61.58,0.0094
61.55,0.0120
61.47,0.0301
61.45,0.0413
61.45,0.0040
61.41,0.0113
61.33,0.0012
61.28,0.0023
61.27,0.0145
61.24,0.0138
61.21,0.0365
61.16,0.0128
61.14,0.0251
61.12,0.0159
61.08,0.0213
61.05,0.0159
61.00,0.0071
60.93,0.0020
60.89,0.0093
60.88,0.0043
60.85,0.0058
60.83,0.0091
60.80,0.0353
60.75,0.0104
60.73,0.0033
60.69,0.0018
60.64,0.0182
60.61,0.0053
60.55,0.0207
60.55,0.0195
60.53,0.0115
60.46,0.0238
60.44,0.0525
60.41,0.0075
60.36,0.0035
60.32,0.0099
60.30,0.0032
60.25,0.0167
60.23,0.0176
60.20,0.0102
60.15,0.0168
60.11,0.0004
60.09,0.0243
60.04,0.0043
60.02,0.0174
59.95,0.0136
59.92,0.0021
59.90,0.0137
59.90,0.0034
59.82,0.0275
59.75,0.0133
59.69,0.0051
59.66,0.0230
59.64,0.0192
59.61,0.0092
59.56,0.0149
59.52,0.0369
59.51,0.0039
59.46,0.0129
59.45,0.0091
59.42,0.0249
59.40,0.0378
59.35,0.0066
59.29,0.0151
59.26,0.0143
59.23,0.0386
59.19,0.0358
59.14,0.0154
59.13,0.0072
59.08,0.0327
59.07,0.0623
59.05,0.0148
58.99,0.0008
58.98,0.0219
58.95,0.0034
58.89,0.0081
58.86,0.0105
58.83,0.0002
58.79,0.0461
58.77,0.0328
58.74,0.0229
58.68,0.0173
58.67,0.0014
58.64,0.0368
58.62,0.0029
58.59,0.0031
58.57,0.0151
58.50,0.0136
58.45,0.0172
58.43,0.0073
58.39,0.0086
58.37,0.0160
58.34,0.0151
58.30,0.0081
58.25,0.0237
58.22,0.0001
58.21,0.0035
58.18,0.0050
58.14,0.0006
58.12,0.0040
58.08,0.0204
58.05,0.0102
58.03,0.0121
58.01,0.0135
57.97,0.0051
57.93,0.0092
57.91,0.0091
57.89,0.0141
57.84,0.0035
57.81,0.0156
57.78,0.0304
57.76,0.0385
57.74,0.0085
57.68,0.0083
57.64,0.0123
57.62,0.0268
57.57,0.0022
57.55,0.0114
57.51,0.0122
57.49,0.0080
57.47,0.0076
57.44,0.0093
57.40,0.0151
57.39,0.0011
57.35,0.0131
57.33,0.0076
57.32,0.0058
57.27,0.0527
57.21,0.0265
57.16,0.0077
57.13,0.0114
57.11,0.0160
57.07,0.0057
57.04,0.0021
57.03,0.0160
57.02,0.0200
57.00,0.0121
56.98,0.0241
56.93,0.0211
56.92,0.0061
56.89,0.0316
56.84,0.0220
56.82,0.0056
56.79,0.0467
56.77,0.0074
56.74,0.0240
56.71,0.0054
56.68,0.0077
56.63,0.0003
56.57,0.0120
56.53,0.0144
56.50,0.0164
56.44,0.0230
56.43,0.0061
56.42,0.0040
56.39,0.0048
56.36,0.0169
56.34,0.0087
56.31,0.0305
56.29,0.0018
56.25,0.0266
56.23,0.0092
56.23,0.0268
56.20,0.0252
56.14,0.0137
56.11,0.0027
56.06,0.0025
56.05,0.0113
56.00,0.0058
55.98,0.0084
55.97,0.0071
55.92,0.0039
55.90,0.0138
55.84,0.0247
55.82,0.0136
55.81,0.0157
55.77,0.0015
55.74,0.0395
55.74,0.0210
55.69,0.0128
55.67,0.0121
55.62,0.0164
55.60,0.0123
55.59,0.0221
55.55,0.0172
55.53,0.0081
55.51,0.0049
55.51,0.0085
55.45,0.0021
55.43,0.0043
55.41,0.0234
55.37,0.0161
55.35,0.0025
55.34,0.0138
55.30,0.0071
55.27,0.0055
55.24,0.0060
55.20,0.0054
55.17,0.0086
55.14,0.0025
55.09,0.0172
55.07,0.0182
55.05,0.0040
55.02,0.0115
54.98,0.0085
54.98,0.0124
54.94,0.0204
54.92,0.0139
54.89,0.0359
54.86,0.0202
54.85,0.0028
54.82,0.0311
54.80,0.0035
54.76,0.0074
54.72,0.0025
54.69,0.0023
54.69,0.0089
54.65,0.0573
54.64,0.0283
54.61,0.0120
54.59,0.0031
54.55,0.0193
54.53,0.0032
54.52,0.0112
54.46,0.0136
54.45,0.0214
54.43,0.0210
54.40,0.0146
54.39,0.0326
54.35,0.0225
54.34,0.0177
54.28,0.0011
54.28,0.0084
54.22,0.0188
54.21,0.0221
54.18,0.0306
54.17,0.0086
54.16,0.0024
54.15,0.0015
54.10,0.0076
54.07,0.0213
54.03,0.0052
53.97,0.0275
53.96,0.0037
53.92,0.0218
53.91,0.0008
53.89,0.0050
53.88,0.0177
53.86,0.0039
53.83,0.0171
53.81,0.0002
53.80,0.0009
53.75,0.0097
53.74,0.0128
53.70,0.0115
53.69,0.0037
53.66,0.0095
53.63,0.0065
53.61,0.0024
53.60,0.0050
53.54,0.0162
53.53,0.0028
53.50,0.0192
53.48,0.0034
53.45,0.0091
53.43,0.0008
53.40,0.0238
53.39,0.0462
53.36,0.0248
53.33,0.0182
53.30,0.0205
53.28,0.0339
53.28,0.0041
53.26,0.0285
53.21,0.0075
53.20,0.0160
53.17,0.0268
53.12,0.0049
53.09,0.0122
53.05,0.0301
53.03,0.0082
53.00,0.0017
52.97,0.0120
52.96,0.0245
52.93,0.0261
52.90,0.0061
52.89,0.0132
52.85,0.0026
52.83,0.0124
52.78,0.0012
52.75,0.0080
52.71,0.0109
52.71,0.0079
52.65,0.0027
52.62,0.0191
52.60,0.0019
52.57,0.0597
52.55,0.0153
52.54,0.0254
52.51,0.0046
52.51,0.0107
52.47,0.0158
52.44,0.0121
52.40,0.0251
52.40,0.0378
52.39,0.0326
52.36,0.0057
52.32,0.0275
52.29,0.0013
52.27,0.0035
52.23,0.0097
52.23,0.0167
52.19,0.0641
52.17,0.0087
52.16,0.0416
52.13,0.0096
52.09,0.0012
52.07,0.0177
52.04,0.0077
52.04,0.0249
52.02,0.0028
51.97,0.0168
51.96,0.0138
51.96,0.0200
51.92,0.0095
51.91,0.0349
51.87,0.0212
51.83,0.0160
51.82,0.0141
51.80,0.0061
51.76,0.0085
51.74,0.0050
51.68,0.0098
51.65,0.0150
51.64,0.0170
51.63,0.0102
51.63,0.0029
51.60,0.0518
51.58,0.0119
51.56,0.0296
51.53,0.0013
51.49,0.0004
51.48,0.0184
51.43,0.0094
51.43,0.0135
51.41,0.0348
51.39,0.0019
51.37,0.0070
51.35,0.0075
51.32,0.0152
51.30,0.0038
51.27,0.0073
51.25,0.0046
51.22,0.0100
51.20,0.0130
51.17,0.0033
51.14,0.0031
51.13,0.0171
51.10,0.0073
51.09,0.0165
51.04,0.0090
51.04,0.0181
51.00,0.0106
50.97,0.0108
50.93,0.0042
50.92,0.0134
50.91,0.0095
50.89,0.0370
50.86,0.0084
50.83,0.0054
50.81,0.0106
50.77,0.0145
50.74,0.0360
50.71,0.0342
50.70,0.0153
50.70,0.0157
50.67,0.0043
50.66,0.0030
50.63,0.0072
50.59,0.0082
50.58,0.0010
50.55,0.0024
50.55,0.0026
50.52,0.0057
50.50,0.0021
50.48,0.0116
50.45,0.0236
50.43,0.0191
50.42,0.0054
50.39,0.0053
50.38,0.0139
50.34,0.0112
50.32,0.0019
50.30,0.0338
50.29,0.0051
50.26,0.0584
50.23,0.0007
50.20,0.0165
50.19,0.0070
50.17,0.0028
50.16,0.0082
50.13,0.0039
50.11,0.0225
50.10,0.0208
50.08,0.0087
50.06,0.0042
50.04,0.0042
50.00,0.0098
49.99,0.0090
49.96,0.0077
49.95,0.0463
49.92,0.0213
49.90,0.0003
49.89,0.0120
49.87,0.0171
49.85,0.0144
49.82,0.0572
49.81,0.0013
49.77,0.0445
49.74,0.0014
49.72,0.0199
49.71,0.0070
49.69,0.0022
49.69,0.0045
49.65,0.0063
49.63,0.0182
49.62,0.0088
49.59,0.0016
49.57,0.0179
49.56,0.0216
49.53,0.0127
49.50,0.0520
49.50,0.0105
49.49,0.0097
49.46,0.0172
49.44,0.0083
49.41,0.0081
49.37,0.0152
49.36,0.0147
49.34,0.0124
49.34,0.0164
49.27,0.0125
49.23,0.0225
49.23,0.0075
49.21,0.0138
49.21,0.0123
49.17,0.0103
49.16,0.0019
49.14,0.0136
49.10,0.0011
49.07,0.0086
49.04,0.0022
49.02,0.0164
49.02,0.0018
48.99,0.0094
48.98,0.0193
48.95,0.0429
48.93,0.0066
48.89,0.0215
48.86,0.0101
48.85,0.0089
48.82,0.0033
48.81,0.0235
48.79,0.0350
48.78,0.0080
48.76,0.0168
48.74,0.0058
48.70,0.0145
48.70,0.0142
48.67,0.0039
48.65,0.0084
48.62,0.0004
48.59,0.0076
48.58,0.0295
48.55,0.0422
48.53,0.0205
48.52,0.0040
48.49,0.0206
48.46,0.0009
48.45,0.0060
48.44,0.0453
48.43,0.0141
48.38,0.0077
48.35,0.0039
48.33,0.0039
48.33,0.0436
48.30,0.0162
48.28,0.0076
48.26,0.0209
48.24,0.0003
48.21,0.0102
48.17,0.0098
48.16,0.0084
48.15,0.0088
48.13,0.0083
48.11,0.0122
48.10,0.0088
48.07,0.0172
48.05,0.0169
48.03,0.0163
48.00,0.0123
47.99,0.0163
47.94,0.0206
47.93,0.0060
47.91,0.0034
47.90,0.0037
47.90,0.0376
47.86,0.0094
47.83,0.0077
47.81,0.0060
47.81,0.0030
47.79,0.0072
47.77,0.0070
47.74,0.0161
47.71,0.0089
47.69,0.0065
47.68,0.0014
47.66,0.0125
47.64,0.0745
47.61,0.0095
47.59,0.0040
47.58,0.0031
47.57,0.0062
47.56,0.0001
47.53,0.0239
47.50,0.0138
47.46,0.0305
47.45,0.0131
47.44,0.0124
47.42,0.0113
47.41,0.0057
47.38,0.0137
47.36,0.0206
47.31,0.0204
47.30,0.0115
47.27,0.0073
47.25,0.0011
47.23,0.0175
47.22,0.0094
47.20,0.0230
47.19,0.0024
47.17,0.0087
47.13,0.0036
47.11,0.0084
47.09,0.0197
47.08,0.0194
47.05,0.0069
47.04,0.0018
47.03,0.0286
47.00,0.0033
46.98,0.0074
46.97,0.0096
46.95,0.0085
46.92,0.0137
46.92,0.0019
46.89,0.0036
46.87,0.0202
46.84,0.0057
46.82,0.0291
46.81,0.0101
46.80,0.0209
46.78,0.0103
46.76,0.0154
46.72,0.0449
46.71,0.0040
46.66,0.0326
46.65,0.0039
46.64,0.0133
46.62,0.0228
46.59,0.0052
46.58,0.0089
46.57,0.0231
46.51,0.0039
46.51,0.0086
46.49,0.0076
46.46,0.0163
46.44,0.0092
46.43,0.0468
46.41,0.0080
46.38,0.0162
46.37,0.0297
46.35,0.0037
46.34,0.0042
46.33,0.0018
46.31,0.0120
46.29,0.0149
46.24,0.0070
46.22,0.0087
46.19,0.0098
46.18,0.0098
46.16,0.0199
46.12,0.0012
46.11,0.0114
46.09,0.0292
46.08,0.0148
46.05,0.0142
46.01,0.0130
46.00,0.0011
45.99,0.0023
45.97,0.0024
45.96,0.0095
45.93,0.0144
45.93,0.0152
45.90,0.0046
45.87,0.0049
45.86,0.0115
45.82,0.0186
45.81,0.0018
45.78,0.0138
45.75,0.0089
45.74,0.0047
45.73,0.0302
45.73,0.0029
45.68,0.0090
45.66,0.0104
45.66,0.0023
45.64,0.0023
45.61,0.0033
45.61,0.0053
45.58,0.0055
45.56,0.0100
45.55,0.0196
45.53,0.0090
45.51,0.0215
45.49,0.0071
45.48,0.0041
45.44,0.0091
45.42,0.0390
45.38,0.0234
45.37,0.0036
45.34,0.0031
45.34,0.0053
45.30,0.0091
45.29,0.0091
45.28,0.0087
45.26,0.0119
45.25,0.0096
45.21,0.0013
45.20,0.0066
45.17,0.0071
45.16,0.0158
45.14,0.0064
45.12,0.0051
45.11,0.0031
45.10,0.0242
45.08,0.0358
45.06,0.0037
45.04,0.0060
45.03,0.0093
45.01,0.0178
44.97,0.0123
44.96,0.0052
44.94,0.0093
44.92,0.0019
44.92,0.0051
44.90,0.0515
44.87,0.0105
44.84,0.0123
44.82,0.0051
44.81,0.0033
44.79,0.0174
44.77,0.0117
44.75,0.0023
44.72,0.0043
44.72,0.0076
44.70,0.0282
44.70,0.0093
44.67,0.0004
44.66,0.0012
44.65,0.0177
44.60,0.0116
44.59,0.0083
44.56,0.0059
44.55,0.0042
44.52,0.0068
44.51,0.0145
44.47,0.0126
44.44,0.0027
44.43,0.0104
44.41,0.0170
44.38,0.0045
44.36,0.0163
44.34,0.0070
44.33,0.0041
44.28,0.0072
44.27,0.0208
44.26,0.0114
44.24,0.0054
44.23,0.0106
44.20,0.0033
44.18,0.0026
44.14,0.0096
44.14,0.0087
44.10,0.0015
44.07,0.0132
44.06,0.0344
44.02,0.0122
44.02,0.0233
44.00,0.0050
43.98,0.0132
43.96,0.0123
43.93,0.0139
43.92,0.0083
43.89,0.0086
43.88,0.0074
43.87,0.0269
43.85,0.0049
43.85,0.0136
43.82,0.0065
43.79,0.0081
43.78,0.0206
43.77,0.0046
43.74,0.0138
43.70,0.0106
43.69,0.0213
43.68,0.0100
43.66,0.0029
43.65,0.0001
43.64,0.0038
43.60,0.0073
43.59,0.0063
43.57,0.0006
43.55,0.0051
43.53,0.0022
43.52,0.0366
43.48,0.0039
43.47,0.0079
43.44,0.0055
43.43,0.0220
43.41,0.0062
43.36,0.0198
43.34,0.0020
43.33,0.0048
43.32,0.0210
43.30,0.0503
43.27,0.0095
43.26,0.0041
43.25,0.0027
43.23,0.0100
43.22,0.0007
43.20,0.0108
43.19,0.0071
43.14,0.0011
43.12,0.0163
43.09,0.0114
43.09,0.0004
43.07,0.0313
43.03,0.0190
43.00,0.0020
43.00,0.0134
42.98,0.0063
42.95,0.0212
42.93,0.0037
42.92,0.0037
42.90,0.0023
42.89,0.0077
42.88,0.0113
42.87,0.0005
42.82,0.0021
42.82,0.0038
42.77,0.0113
42.77,0.0066
42.74,0.0203
42.72,0.0030
42.71,0.0031
42.68,0.0064
42.65,0.0160
42.64,0.0115
42.61,0.0074
42.58,0.0110
42.55,0.0312
42.55,0.0016
42.51,0.0159
42.51,0.0048
42.49,0.0025
42.49,0.0014
42.46,0.0117
42.43,0.0030
42.43,0.0034
42.39,0.0011
42.39,0.0043
42.37,0.0075
42.35,0.0117
42.33,0.0261
42.29,0.0032
42.28,0.0089
42.25,0.0018
42.25,0.0225
42.20,0.0080
42.19,0.0018
42.17,0.0087
42.16,0.0096
42.13,0.0166
42.12,0.0062
42.11,0.0127
42.09,0.0076
42.08,0.0015
42.07,0.0068
42.06,0.0059
42.04,0.0047
42.02,0.0006
42.01,0.0025
41.98,0.0091
41.96,0.0063
41.95,0.0057
41.92,0.0096
41.91,0.0020
41.88,0.0017
41.85,0.0093
41.83,0.0159
41.81,0.0140
41.80,0.0063
41.78,0.0189
41.77,0.0054
41.75,0.0046
41.73,0.0035
41.71,0.0047
41.70,0.0076
41.68,0.0039
41.65,0.0166
41.64,0.0059
41.63,0.0052
41.61,0.0141
41.58,0.0062
41.57,0.0131
41.56,0.0012
41.54,0.0054
41.53,0.0032
41.49,0.0106
41.48,0.0034
41.46,0.0036
41.45,0.0050
41.43,0.0028
41.39,0.0047
41.38,0.0040
41.36,0.0045
41.34,0.0044
41.33,0.0081
41.32,0.0224
41.31,0.0086
41.27,0.0052
41.27,0.0082
41.25,0.0002
41.22,0.0083
41.20,0.0038
41.18,0.0033
41.16,0.0052
41.12,0.0046
41.11,0.0011
41.08,0.0147
41.04,0.0004
41.00,0.0155
41.00,0.0006
40.98,0.0032
40.97,0.0161
40.95,0.0028
40.93,0.0078
40.93,0.0056
40.91,0.0033
40.89,0.0236
40.87,0.0133
40.86,0.0023
40.84,0.0136
40.82,0.0106
40.81,0.0063
40.79,0.0022
40.77,0.0021
40.75,0.0416
40.74,0.0041
40.72,0.0061
40.71,0.0018
40.69,0.0031
40.67,0.0012
40.64,0.0124
40.63,0.0181
40.59,0.0007
40.58,0.0042
40.57,0.0069
40.54,0.0118
40.52,0.0025
40.48,0.0074
40.46,0.0128
40.45,0.0065
40.41,0.0273
40.39,0.0094
40.37,0.0570
40.37,0.0099
40.35,0.0023
40.33,0.0188
40.31,0.0041
40.29,0.0064
40.28,0.0068
40.25,0.0237
40.25,0.0052
40.21,0.0076
40.20,0.0209
40.16,0.0047
40.13,0.0063
40.12,0.0026
40.10,0.0056
40.06,0.0197
40.04,0.0146
40.03,0.0008
40.02,0.0039
39.98,0.0144
39.97,0.0246
39.95,0.0082
39.91,0.0070
39.90,0.0094
39.90,0.0088
39.89,0.0086
39.86,0.0085
39.84,0.0053
39.83,0.0061
39.82,0.0056
39.79,0.0085
39.78,0.0096
39.77,0.0027
39.76,0.0064
39.70,0.0212
39.69,0.0140
39.67,0.0059
39.65,0.0094
39.62,0.0166
39.61,0.0052
39.59,0.0022
39.57,0.0062
39.55,0.0064
39.54,0.0104
39.53,0.0055
39.52,0.0136
39.48,0.0104
39.47,0.0034
39.46,0.0007
39.45,0.0063
39.41,0.0119
39.40,0.0030
39.37,0.0039
39.36,0.0013
39.33,0.0097
39.30,0.0021
39.30,0.0151
39.28,0.0125
39.26,0.0071
39.24,0.0040
39.22,0.0317
39.20,0.0063
39.19,0.0038
39.14,0.0061
39.12,0.0186
39.07,0.0154
39.06,0.0069
39.06,0.0356
39.02,0.0048
38.99,0.0047
38.98,0.0022
38.97,0.0019
38.95,0.0035
38.94,0.0073
38.92,0.0103
38.90,0.0055
38.89,0.0097
38.87,0.0040
38.86,0.0099
38.85,0.0017
38.81,0.0023
38.81,0.0014
38.77,0.0108
38.76,0.0044
38.75,0.0240
38.73,0.0075
38.69,0.0102
38.68,0.0113
38.65,0.0030
38.64,0.0100
38.62,0.0046
38.59,0.0114
38.58,0.0063
38.55,0.0156
38.51,0.0028
38.50,0.0007
38.49,0.0031
38.43,0.0116
38.41,0.0071
38.38,0.0141
38.37,0.0080
38.35,0.0026
38.33,0.0078
38.31,0.0023
38.31,0.0079
38.30,0.0021
38.26,0.0069
38.26,0.0283
38.23,0.0367
38.22,0.0041
38.20,0.0012
38.18,0.0026
38.15,0.0109
38.14,0.0020
38.14,0.0087
38.10,0.0027
38.09,0.0088
38.07,0.0097
38.05,0.0059
38.04,0.0202
38.02,0.0004
38.01,0.0099
37.97,0.0014
37.96,0.0043
37.95,0.0024
37.92,0.0095
37.88,0.0216
37.84,0.0124
37.82,0.0045
37.82,0.0018
37.79,0.0063
37.77,0.0103
37.76,0.0129
37.74,0.0110
37.73,0.0279
37.72,0.0035
37.70,0.0212
37.69,0.0039
37.65,0.0040
37.63,0.0097
37.61,0.0290
37.59,0.0082
37.58,0.0051
37.55,0.0160
37.55,0.0058
37.53,0.0284
37.50,0.0135
37.49,0.0162
37.47,0.0096
37.45,0.0090
37.44,0.0017
37.42,0.0143
37.41,0.0082
37.38,0.0163
37.37,0.0012
37.35,0.0121
37.35,0.0017
37.34,0.0059
37.33,0.0009
37.29,0.0176
37.26,0.0045
37.23,0.0024
37.21,0.0080
37.21,0.0273
37.18,0.0046
37.15,0.0103
37.12,0.0030
37.11,0.0037
37.08,0.0014
37.07,0.0030
37.05,0.0182
37.04,0.0012
37.02,0.0119
37.01,0.0031
36.99,0.0127
36.95,0.0021
36.93,0.0003
36.92,0.0028
36.91,0.0132
36.88,0.0130
36.87,0.0125
36.85,0.0066
36.82,0.0167
36.79,0.0326
36.78,0.0137
36.76,0.0108
36.75,0.0153
36.72,0.0009
36.71,0.0055
36.70,0.0052
36.69,0.0074
36.64,0.0047
36.64,0.0065
36.62,0.0252
36.61,0.0029
36.59,0.0039
36.57,0.0065
36.57,0.0197
36.56,0.0016
36.54,0.0051
36.54,0.0002
36.52,0.0046
36.52,0.0108
36.48,0.0055
36.46,0.0075
36.45,0.0108
36.44,0.0023
36.43,0.0006
36.41,0.0032
36.41,0.0126
36.39,0.0146
36.38,0.0098
36.35,0.0017
36.33,0.0137
36.31,0.0237
36.30,0.0034
36.25,0.0135
36.23,0.0030
36.22,0.0001
36.19,0.0109
36.17,0.0141
36.15,0.0068
36.13,0.0038
36.11,0.0013
36.09,0.0008
36.07,0.0107
36.04,0.0039
36.02,0.0024
35.99,0.0023
35.97,0.0044
35.94,0.0009
35.93,0.0015
35.91,0.0005
35.89,0.0039
35.86,0.0137
35.85,0.0042
35.82,0.0049
35.81,0.0139
35.80,0.0028
35.78,0.0133
35.77,0.0046
35.75,0.0025
35.74,0.0116
35.72,0.0021
35.69,0.0027
35.67,0.0045
35.66,0.0014
35.65,0.0084
35.63,0.0092
35.62,0.0115
35.60,0.0011
35.58,0.0353
35.57,0.0040
35.55,0.0104
35.55,0.0027
35.50,0.0008
35.49,0.0065
35.48,0.0183
35.44,0.0002
35.43,0.0084
35.41,0.0050
35.39,0.0017
35.38,0.0051
35.37,0.0145
35.35,0.0225
35.34,0.0157
35.32,0.0016
35.31,0.0020
35.28,0.0144
35.28,0.0021
35.26,0.0080
35.25,0.0103
35.23,0.0029
35.23,0.0110
35.21,0.0020
35.19,0.0020
35.16,0.0021
35.14,0.0054
35.13,0.0013
35.11,0.0028
35.10,0.0032
35.09,0.0057
35.08,0.0048
35.06,0.0022
35.05,0.0023
35.03,0.0028
35.02,0.0123
35.00,0.0132
35.00,0.0197
34.98,0.0054
34.97,0.0106
34.95,0.0216
34.91,0.0070
34.90,0.0033
34.88,0.0040
34.86,0.0057
34.85,0.0090
34.84,0.0055
34.79,0.0005
34.78,0.0036
34.75,0.0083
34.74,0.0052
34.72,0.0083
34.72,0.0120
34.69,0.0008
34.68,0.0008
34.66,0.0019
34.66,0.0016
34.64,0.0023
34.61,0.0050
34.60,0.0032
34.58,0.0092
34.55,0.0395
34.55,0.0040
34.53,0.0154
34.51,0.0016
34.48,0.0092
34.47,0.0326
34.45,0.0133
34.44,0.0006
34.41,0.0032
34.40,0.0038
34.39,0.0018
34.38,0.0054
34.34,0.0040
34.33,0.0083
34.32,0.0008
34.32,0.0061
34.29,0.0014
34.28,0.0168
34.27,0.0116
34.25,0.0062
34.24,0.0183
34.21,0.0126
34.20,0.0081
34.18,0.0044
34.16,0.0026
34.13,0.0243
34.11,0.0095
34.11,0.0192
34.09,0.0006
34.08,0.0080
34.06,0.0141
34.04,0.0104
34.03,0.0014
34.00,0.0034
33.99,0.0027
33.98,0.0041
33.95,0.0042
33.93,0.0009
33.93,0.0067
33.90,0.0008
33.88,0.0011
33.88,0.0067
33.85,0.0010
33.82,0.0079
33.81,0.0055
33.80,0.0032
33.78,0.0039
33.77,0.0092
33.77,0.0048
33.74,0.0031
33.73,0.0022
33.72,0.0077
33.71,0.0040
33.69,0.0129
33.68,0.0012
33.66,0.0286
33.64,0.0080
33.63,0.0064
33.61,0.0104
33.60,0.0016
33.58,0.0012
33.56,0.0018
33.56,0.0046
33.54,0.0010
33.51,0.0152
33.49,0.0136
33.47,0.0051
33.46,0.0043
33.45,0.0040
33.44,0.0035
33.41,0.0059
33.41,0.0034
33.39,0.0038
33.38,0.0031
33.36,0.0008
33.36,0.0133
33.35,0.0056
33.32,0.0044
33.30,0.0049
33.28,0.0015
33.25,0.0058
33.25,0.0010
33.23,0.0210
33.21,0.0081
33.21,0.0073
33.19,0.0049
33.19,0.0004
33.17,0.0011
33.16,0.0142
33.14,0.0098
33.14,0.0060
33.11,0.0176
33.11,0.0088
33.07,0.0046
33.07,0.0209
33.05,0.0045
33.04,0.0026
33.00,0.0079
32.99,0.0127
32.98,0.0087
32.97,0.0116
32.94,0.0021
32.91,0.0083
32.91,0.0041
32.89,0.0031
32.89,0.0014
32.86,0.0048
32.85,0.0113
32.83,0.0075
32.83,0.0012
32.81,0.0022
32.81,0.0106
32.79,0.0027
32.76,0.0128
32.75,0.0050
32.74,0.0063
32.72,0.0040
32.72,0.0044
32.70,0.0032
32.67,0.0020
32.64,0.0048
32.64,0.0092
32.63,0.0067
32.62,0.0054
32.60,0.0090
32.58,0.0041
32.56,0.0014
32.53,0.0129
32.52,0.0037
32.50,0.0022
32.47,0.0002
32.46,0.0009
32.44,0.0009
32.43,0.0047
32.41,0.0099
32.40,0.0083
32.40,0.0110
32.39,0.0047
32.36,0.0033
32.35,0.0038
32.33,0.0013
32.31,0.0043
32.29,0.0068
32.29,0.0132
32.25,0.0077
32.25,0.0003
32.24,0.0029
32.22,0.0098
32.22,0.0010
32.21,0.0022
32.20,0.0051
32.19,0.0010
32.17,0.0049
32.17,0.0012
32.15,0.0000
32.14,0.0027
32.11,0.0055
32.10,0.0078
32.06,0.0018
32.05,0.0118
32.03,0.0021
32.02,0.0064
32.01,0.0026
32.00,0.0019
31.99,0.0114
31.99,0.0027
31.97,0.0010
31.96,0.0059
31.95,0.0025
31.93,0.0065
31.91,0.0013
31.90,0.0013
31.89,0.0079
31.88,0.0053
31.84,0.0138
31.84,0.0059
31.82,0.0058
31.77,0.0010
31.77,0.0045
31.75,0.0032
31.73,0.0042
31.70,0.0159
31.69,0.0125
31.69,0.0103
31.68,0.0066
31.67,0.0019
31.64,0.0029
31.61,0.0045
31.61,0.0022
31.58,0.0010
31.58,0.0040
31.56,0.0023
31.54,0.0052
31.51,0.0026
31.50,0.0036
31.49,0.0042
31.47,0.0083
31.45,0.0074
31.45,0.0040
31.44,0.0031
31.41,0.0039
31.41,0.0057
31.39,0.0040
31.36,0.0059
31.35,0.0070
31.34,0.0019
31.33,0.0088
31.30,0.0089
31.29,0.0033
31.28,0.0016
31.26,0.0146
31.24,0.0069
31.23,0.0028
31.22,0.0088
31.21,0.0024
31.21,0.0083
31.19,0.0013
31.19,0.0022
31.16,0.0099
31.15,0.0051
31.14,0.0056
31.12,0.0075
31.10,0.0121
31.08,0.0026
31.07,0.0031
31.06,0.0010
31.06,0.0092
31.04,0.0010
31.03,0.0068
31.01,0.0017
31.00,0.0102
30.98,0.0027
30.97,0.0037
30.96,0.0048
30.95,0.0019
30.94,0.0006
30.94,0.0057
30.93,0.0070
30.92,0.0002
30.90,0.0062
30.89,0.0032
30.88,0.0066
30.86,0.0020
30.85,0.0021
30.84,0.0009
30.82,0.0018
30.81,0.0017
30.80,0.0020
30.79,0.0043
30.77,0.0020
30.75,0.0029
30.73,0.0065
30.71,0.0038
30.70,0.0083
30.68,0.0099
30.66,0.0022
30.63,0.0017
30.63,0.0127
30.60,0.0048
30.59,0.0102
30.56,0.0005
30.55,0.0046
30.54,0.0057
30.53,0.0083
30.52,0.0022
30.51,0.0049
30.49,0.0012
30.49,0.0125
30.48,0.0147
30.46,0.0004
30.45,0.0015
30.44,0.0033
30.40,0.0137
30.38,0.0044
30.37,0.0028
30.34,0.0046
30.32,0.0062
30.31,0.0006
30.31,0.0007
30.30,0.0040
30.28,0.0044
30.28,0.0029
30.25,0.0015
30.25,0.0050
30.24,0.0058
30.23,0.0007
30.22,0.0019
30.21,0.0056
30.18,0.0016
30.17,0.0065
30.17,0.0151
30.15,0.0107
30.13,0.0009
30.11,0.0052
30.10,0.0119
30.07,0.0093
30.05,0.0047
30.03,0.0032
30.01,0.0068
30.01,0.0020
29.98,0.0017
29.97,0.0013
29.96,0.0009
29.94,0.0028
29.93,0.0038
29.92,0.0006
29.91,0.0044
29.89,0.0099
29.87,0.0033
29.86,0.0008
29.85,0.0010
29.83,0.0039
29.82,0.0084
29.81,0.0012
29.79,0.0019
29.79,0.0069
29.79,0.0009
29.77,0.0019
29.74,0.0117
29.72,0.0117
29.71,0.0056
29.70,0.0055
29.67,0.0011
29.65,0.0024
29.63,0.0028
29.62,0.0045
29.61,0.0019
29.60,0.0053
29.59,0.0123
29.57,0.0026
29.55,0.0072
29.55,0.0043
29.54,0.0035
29.53,0.0000
29.52,0.0010
29.51,0.0016
29.49,0.0014
29.47,0.0038
29.46,0.0034
29.45,0.0051
29.44,0.0076
29.43,0.0013
29.41,0.0091
29.39,0.0028
29.38,0.0019
29.37,0.0010
29.36,0.0074
29.35,0.0007
29.33,0.0054
29.31,0.0144
29.30,0.0038
29.28,0.0048
29.27,0.0027
29.26,0.0033
29.24,0.0081
29.21,0.0063
29.21,0.0031
29.20,0.0013
29.19,0.0101
29.18,0.0075
29.16,0.0016
29.16,0.0008
29.13,0.0112
29.09,0.0093
29.08,0.0074
29.07,0.0005
29.07,0.0025
29.06,0.0141
29.03,0.0020
29.01,0.0050
29.01,0.0060
29.00,0.0042
28.98,0.0033
28.96,0.0044
28.95,0.0012
28.95,0.0038
28.93,0.0015
28.92,0.0135
28.89,0.0015
28.87,0.0025
28.85,0.0123
28.83,0.0030
28.82,0.0044
28.80,0.0143
28.80,0.0015
28.79,0.0030
28.78,0.0030
28.77,0.0041
28.75,0.0041
28.73,0.0071
28.73,0.0020
28.70,0.0012
28.69,0.0055
28.67,0.0042
28.66,0.0039
28.65,0.0046
28.64,0.0008
28.62,0.0120
28.61,0.0031
28.59,0.0004
28.57,0.0150
28.55,0.0117
28.55,0.0043
28.53,0.0066
28.53,0.0051
28.52,0.0058
28.49,0.0003
28.48,0.0044
28.46,0.0012
28.46,0.0021
28.45,0.0024
28.44,0.0055
28.43,0.0002
28.43,0.0210
28.41,0.0004
28.40,0.0043
28.38,0.0029
28.37,0.0019
28.36,0.0015
28.35,0.0082
28.34,0.0012
28.31,0.0038
28.29,0.0060
28.28,0.0027
28.27,0.0025
28.25,0.0020
28.23,0.0063
28.22,0.0070
28.22,0.0045
28.21,0.0004
28.20,0.0023
28.19,0.0015
28.15,0.0080
28.14,0.0104
28.13,0.0065
28.10,0.0012
28.09,0.0066
28.08,0.0090
28.05,0.0026
28.04,0.0007
28.03,0.0036
28.03,0.0127
28.01,0.0050
28.00,0.0103
27.97,0.0036
27.97,0.0055
27.95,0.0080
27.93,0.0105
27.92,0.0008
27.89,0.0079
27.89,0.0061
27.88,0.0037
27.86,0.0060
27.85,0.0020
27.83,0.0013
27.83,0.0046
27.82,0.0023
27.80,0.0018
27.80,0.0014
27.78,0.0027
27.77,0.0025
27.75,0.0006
27.74,0.0030
27.72,0.0097
27.71,0.0047
27.70,0.0048
27.66,0.0044
27.66,0.0067
27.65,0.0011
27.63,0.0024
27.61,0.0003
27.60,0.0008
27.59,0.0051
27.58,0.0058
27.57,0.0021
27.56,0.0087
27.55,0.0002
27.54,0.0028
27.52,0.0067
27.51,0.0034
27.50,0.0033
27.49,0.0013
27.48,0.0010
27.47,0.0009
27.46,0.0200
27.45,0.0061
27.43,0.0021
27.42,0.0031
27.40,0.0050
27.38,0.0071
27.37,0.0004
27.35,0.0003
27.34,0.0055
27.33,0.0140
27.31,0.0022
27.31,0.0003
27.29,0.0086
27.28,0.0045
27.26,0.0069
27.25,0.0076
27.22,0.0073
27.22,0.0081
27.19,0.0007
27.18,0.0022
27.16,0.0075
27.15,0.0105
27.14,0.0053
27.13,0.0053
27.11,0.0044
27.10,0.0035
27.08,0.0016
27.06,0.0033
27.05,0.0038
27.04,0.0040
27.03,0.0091
27.01,0.0102
26.99,0.0059
26.98,0.0089
26.97,0.0015
26.95,0.0071
26.93,0.0051
26.91,0.0044
26.90,0.0025
26.89,0.0104
26.89,0.0010
26.88,0.0017
26.87,0.0029
26.84,0.0010
26.83,0.0055
26.81,0.0093
26.81,0.0049
26.80,0.0088
26.79,0.0058
26.79,0.0026
26.75,0.0018
26.74,0.0166
26.74,0.0032
26.73,0.0070
26.70,0.0063
26.69,0.0012
26.68,0.0002
26.67,0.0074
26.64,0.0041
26.63,0.0056
26.62,0.0058
26.60,0.0052
26.57,0.0067
26.56,0.0065
26.55,0.0044
26.53,0.0105
26.51,0.0094
26.50,0.0033
26.48,0.0076
26.45,0.0081
26.45,0.0058
26.43,0.0037
26.43,0.0073
26.42,0.0021
26.41,0.0079
26.39,0.0042
26.38,0.0078
26.37,0.0041
26.34,0.0012
26.32,0.0006
26.31,0.0048
26.30,0.0013
26.30,0.0118
26.28,0.0128
26.27,0.0002
26.26,0.0039
26.25,0.0002
26.23,0.0024
26.23,0.0033
26.21,0.0042
26.20,0.0058
26.18,0.0072
26.17,0.0105
26.17,0.0041
26.15,0.0002
26.14,0.0029
26.12,0.0012
26.09,0.0013
26.08,0.0045
26.06,0.0014
26.05,0.0003
26.03,0.0034
26.02,0.0179
26.01,0.0033
26.00,0.0009
25.99,0.0046
25.98,0.0036
25.97,0.0013
25.95,0.0096
25.95,0.0019
25.94,0.0088
25.92,0.0140
25.90,0.0183
25.89,0.0012
25.88,0.0018
25.88,0.0009
25.87,0.0037
25.85,0.0167
25.82,0.0087
25.79,0.0007
25.78,0.0048
25.77,0.0018
25.76,0.0038
25.75,0.0163
25.73,0.0068
25.73,0.0010
25.72,0.0051
25.70,0.0181
25.70,0.0099
25.66,0.0005
25.65,0.0027
25.64,0.0081
25.63,0.0052
25.63,0.0025
25.62,0.0038
25.60,0.0041
25.60,0.0012
25.59,0.0086
25.57,0.0004
25.56,0.0176
25.54,0.0026
25.54,0.0141
25.52,0.0119
25.50,0.0068
25.49,0.0019
25.48,0.0137
25.44,0.0007
25.42,0.0234
25.40,0.0098
25.39,0.0028
25.38,0.0048
25.38,0.0023
25.36,0.0043
25.33,0.0110
25.32,0.0065
25.31,0.0115
25.29,0.0035
25.29,0.0015
25.27,0.0045
25.25,0.0074
25.24,0.0079
25.22,0.0075
25.21,0.0013
25.20,0.0078
25.17,0.0032
25.17,0.0045
25.13,0.0267
25.11,0.0040
25.09,0.0057
25.08,0.0132
25.08,0.0068
25.06,0.0009
25.05,0.0087
25.04,0.0028
25.04,0.0052
25.03,0.0062
25.01,0.0054
25.00,0.0042
25.00,0.0227
24.98,0.0011
24.97,0.0059
24.94,0.0081
24.94,0.0221
24.93,0.0044
24.91,0.0044
24.89,0.0036
24.88,0.0162
24.87,0.0076
24.86,0.0015
24.86,0.0023
24.84,0.0038
24.82,0.0073
24.79,0.0029
24.78,0.0047
24.78,0.0064
24.74,0.0023
24.73,0.0009
24.72,0.0107
24.68,0.0076
24.65,0.0037
24.62,0.0050
24.62,0.0101
24.58,0.0099
24.57,0.0033
24.56,0.0022
24.55,0.0057
24.54,0.0059
24.52,0.0225
24.51,0.0047
24.50,0.0018
24.48,0.0112
24.46,0.0021
24.45,0.0011
24.43,0.0014
24.41,0.0180
24.41,0.0059
24.40,0.0152
24.38,0.0163
24.38,0.0050
24.36,0.0109
24.33,0.0036
24.31,0.0108
24.30,0.0170
24.29,0.0014
24.27,0.0137
24.25,0.0025
24.24,0.0156
24.23,0.0057
24.20,0.0101
24.18,0.0010
24.17,0.0022
24.17,0.0020
24.14,0.0014
24.13,0.0051
24.13,0.0060
24.12,0.0005
24.10,0.0022
24.09,0.0015
24.07,0.0079
24.05,0.0079
24.02,0.0012
24.02,0.0074
24.01,0.0101
23.98,0.0080
23.97,0.0016
23.96,0.0064
23.95,0.0073
23.94,0.0138
23.92,0.0058
23.90,0.0040
23.88,0.0096
23.88,0.0163
23.87,0.0118
23.85,0.0016
23.84,0.0043
23.83,0.0157
23.82,0.0066
23.79,0.0067
23.77,0.0046
23.76,0.0069
23.74,0.0002
23.72,0.0065
23.71,0.0003
23.71,0.0192
23.68,0.0098
23.68,0.0220
23.67,0.0622
23.63,0.0110
23.63,0.0031
23.61,0.0148
23.61,0.0012
23.59,0.0082
23.58,0.0132
23.56,0.0024
23.55,0.0050
23.55,0.0096
23.53,0.0044
23.50,0.0010
23.48,0.0391
23.43,0.0100
23.41,0.0120
23.41,0.0053
23.40,0.0028
23.38,0.0016
23.36,0.0024
23.34,0.0255
23.33,0.0105
23.32,0.0100
23.31,0.0220
23.29,0.0003
23.27,0.0097
23.27,0.0157
23.25,0.0046
23.24,0.0259
23.22,0.0010
23.21,0.0276
23.20,0.0111
23.19,0.0071
23.18,0.0394
23.16,0.0035
23.14,0.0211
23.13,0.0334
23.13,0.0121
23.11,0.0086
23.08,0.0053
23.08,0.0012
23.05,0.0054
23.03,0.0119
23.03,0.0173
23.00,0.0063
23.00,0.0033
22.99,0.0081
22.97,0.0030
22.97,0.0007
22.95,0.0120
22.95,0.0025
22.94,0.0067
22.93,0.0003
22.91,0.0158
22.87,0.0008
22.86,0.0251
22.84,0.0074
22.84,0.0042
22.83,0.0215
22.80,0.0259
22.79,0.0076
22.78,0.0336
22.77,0.0094
22.75,0.0037
22.73,0.0295
22.73,0.0106
22.71,0.0240
22.70,0.0161
22.69,0.0017
22.68,0.0008
22.68,0.0110
22.67,0.0008
22.64,0.0063
22.64,0.0254
22.62,0.0030
22.59,0.0095
22.58,0.0026
22.56,0.0120
22.55,0.0115
22.54,0.0031
22.53,0.0099
22.52,0.0041
22.50,0.0065
22.49,0.0094
22.49,0.0038
22.48,0.0172
22.47,0.0253
22.46,0.0032
22.45,0.0006
22.44,0.0061
22.43,0.0071
22.40,0.0057
22.37,0.0111
22.35,0.0011
22.33,0.0093
22.32,0.0103
22.31,0.0066
22.30,0.0294
22.29,0.0271
22.28,0.0296
22.27,0.0035
22.26,0.0044
22.25,0.0030
22.24,0.0023
22.21,0.0274
22.20,0.0118
22.17,0.0036
22.15,0.0101
22.14,0.0173
22.14,0.0490
22.12,0.0063
22.10,0.0037
22.09,0.0037
22.09,0.0094
22.08,0.0039
22.06,0.0082
22.05,0.0130
22.05,0.0230
22.04,0.0105
22.03,0.0166
22.01,0.0022
22.01,0.0066
22.00,0.0086
21.96,0.0024
21.95,0.0643
21.95,0.0375
21.93,0.0069
21.91,0.0409
21.90,0.0334
21.89,0.0330
21.87,0.0034
21.87,0.0057
21.86,0.0132
21.85,0.0017
21.84,0.0041
21.82,0.0020
21.81,0.0078
21.80,0.0061
21.78,0.0464
21.77,0.0087
21.76,0.0117
21.76,0.0110
21.75,0.0022
21.74,0.0048
21.72,0.0093
21.72,0.0245
21.70,0.0019
21.68,0.0500
21.66,0.0089
21.66,0.0001
21.64,0.0023
21.63,0.0112
21.63,0.0042
21.63,0.0073
21.61,0.0156
21.59,0.0018
21.58,0.0047
21.57,0.0086
21.56,0.0099
21.55,0.0050
21.55,0.0027
21.54,0.0027
21.53,0.0067
21.50,0.0047
21.49,0.0102
21.48,0.0039
21.47,0.0006
21.46,0.0115
21.45,0.0061
21.45,0.0052
21.44,0.0106
21.41,0.0014
21.41,0.0041
21.39,0.0122
21.36,0.0025
21.36,0.0018
21.35,0.0210
21.35,0.0134
21.34,0.0034
21.31,0.0122
21.30,0.0069
21.29,0.0010
21.28,0.0050
21.27,0.0062
21.27,0.0160
21.26,0.0338
21.24,0.0154
21.22,0.0026
21.21,0.0097
21.20,0.0022
21.20,0.0017
21.19,0.0099
21.18,0.0087
21.17,0.0113
21.16,0.0211
21.15,0.0021
21.15,0.0023
21.13,0.0123
21.12,0.0095
21.11,0.0121
21.09,0.0064
21.07,0.0046
21.07,0.0030
21.05,0.0109
21.03,0.0007
21.02,0.0006
21.01,0.0032
21.00,0.0022
20.99,0.0038
20.97,0.0105
20.97,0.0150
20.96,0.0060
20.95,0.0035
20.94,0.0062
20.93,0.0038
20.91,0.0083
20.88,0.0050
20.88,0.0015
20.87,0.0125
20.86,0.0025
20.85,0.0113
20.84,0.0087
20.83,0.0024
20.83,0.0137
20.81,0.0054
20.79,0.0080
20.78,0.0005
20.77,0.0031
20.76,0.0111
20.75,0.0081
20.75,0.0041
20.73,0.0049
20.73,0.0104
20.71,0.0057
20.71,0.0153
20.70,0.0030
20.70,0.0077
20.68,0.0049
20.67,0.0026
20.67,0.0020
20.67,0.0070
20.67,0.0054
20.66,0.0164
20.64,0.0190
20.63,0.0052
20.62,0.0135
20.62,0.0003
20.61,0.0014
20.58,0.0020
20.57,0.0026
20.56,0.0022
20.56,0.0006
20.55,0.0132
20.52,0.0019
20.52,0.0007
20.52,0.0029
20.51,0.0029
20.50,0.0102
20.49,0.0069
20.48,0.0124
20.47,0.0084
20.47,0.0040
20.46,0.0035
20.45,0.0038
20.44,0.0017
20.43,0.0029
20.43,0.0024
20.43,0.0040
20.41,0.0020
20.40,0.0055
20.40,0.0168
20.39,0.0106
20.38,0.0056
20.36,0.0043
20.35,0.0075
20.34,0.0035
20.33,0.0047
20.33,0.0104
20.31,0.0017
20.30,0.0199
20.29,0.0238
20.28,0.0022
20.27,0.0024
20.26,0.0029
20.24,0.0051
20.24,0.0013
20.23,0.0039
20.22,0.0034
20.21,0.0030
20.20,0.0024
20.19,0.0021
20.18,0.0006
20.17,0.0009
20.17,0.0037
20.16,0.0029
20.15,0.0031
20.13,0.0034
20.13,0.0010
20.12,0.0001
20.12,0.0024
20.11,0.0039
20.11,0.0025
20.10,0.0061
20.09,0.0050
20.08,0.0007
20.08,0.0038
20.07,0.0017
20.05,0.0053
20.05,0.0111
20.04,0.0021
20.03,0.0014
20.02,0.0008
20.01,0.0060
20.01,0.0031
20.01,0.0008
19.99,0.0081
19.98,0.0089
19.97,0.0084
19.96,0.0163
19.95,0.0007
19.95,0.0063
19.94,0.0064
19.94,0.0076
19.92,0.0024
19.91,0.0036
19.91,0.0043
19.91,0.0070
19.89,0.0032
19.89,0.0079
19.88,0.0089
19.87,0.0095
19.86,0.0049
19.85,0.0099
19.84,0.0062
19.83,0.0023
19.83,0.0063
19.82,0.0040
19.82,0.0005
19.81,0.0098
19.80,0.0048
19.79,0.0102
19.79,0.0016
19.78,0.0027
19.77,0.0019
19.75,0.0012
19.75,0.0006
19.74,0.0020
19.73,0.0137
19.73,0.0020
19.71,0.0020
19.70,0.0012
19.69,0.0136
19.68,0.0005
19.68,0.0085
19.67,0.0015
19.67,0.0066
19.66,0.0003
19.65,0.0027
19.64,0.0104
19.63,0.0011
19.63,0.0090
19.62,0.0082
19.61,0.0096
19.61,0.0027
19.60,0.0107
19.59,0.0010
19.59,0.0016
19.57,0.0011
19.57,0.0002
19.56,0.0067
19.56,0.0078
19.55,0.0056
19.55,0.0027
19.54,0.0071
19.54,0.0084
19.53,0.0022
19.52,0.0049
19.51,0.0027
19.51,0.0015
19.49,0.0034
19.49,0.0034
19.49,0.0009
19.48,0.0036
19.46,0.0170
19.44,0.0191
19.43,0.0052
19.41,0.0006
19.41,0.0096
19.40,0.0066
19.40,0.0025
19.39,0.0032
19.38,0.0044
19.38,0.0023
19.37,0.0032
19.36,0.0081
19.35,0.0042
19.34,0.0049
19.34,0.0034
19.32,0.0048
19.31,0.0011
19.31,0.0042
19.30,0.0068
19.29,0.0060
19.28,0.0008
19.27,0.0035
19.27,0.0009
19.27,0.0073
19.26,0.0178
19.25,0.0070
19.24,0.0005
19.23,0.0125
19.23,0.0002
19.22,0.0008
19.21,0.0018
19.20,0.0033
19.19,0.0006
19.19,0.0026
19.18,0.0013
19.17,0.0078
19.17,0.0018
19.16,0.0153
19.15,0.0010
19.14,0.0091
19.14,0.0017
19.13,0.0064
19.13,0.0048
19.12,0.0029
19.12,0.0069
19.12,0.0080
19.11,0.0055
19.10,0.0122
19.10,0.0003
19.10,0.0037
19.09,0.0019
19.09,0.0033
19.09,0.0121
19.08,0.0013
19.08,0.0014
19.07,0.0066
19.05,0.0039
19.05,0.0042
19.03,0.0033
19.03,0.0057
19.03,0.0030
19.02,0.0013
19.01,0.0010
19.01,0.0025
19.00,0.0061
18.99,0.0025
18.98,0.0005
18.98,0.0005
18.96,0.0021
18.96,0.0010
18.96,0.0005
18.95,0.0053
18.94,0.0006
18.93,0.0013
18.93,0.0017
18.92,0.0019
18.92,0.0022
18.90,0.0058
18.89,0.0009
18.89,0.0015
18.88,0.0018
18.87,0.0005
18.86,0.0102
18.85,0.0059
18.84,0.0023
18.82,0.0060
18.82,0.0064
18.81,0.0055
18.79,0.0010
18.79,0.0011
18.78,0.0030
18.77,0.0045
18.77,0.0033
18.76,0.0040
18.76,0.0009
18.75,0.0069
18.73,0.0079
18.72,0.0011
18.71,0.0022
18.70,0.0023
18.70,0.0017
18.69,0.0028
18.69,0.0024
18.68,0.0041
18.67,0.0178
18.67,0.0065
18.66,0.0052
18.66,0.0008
18.65,0.0117
18.65,0.0004
18.63,0.0045
18.63,0.0004
18.62,0.0027
18.62,0.0032
18.61,0.0072
18.61,0.0163
18.60,0.0018
18.59,0.0029
18.59,0.0035
18.58,0.0013
18.58,0.0029
18.58,0.0051
18.57,0.0052
18.56,0.0069
18.56,0.0028
18.55,0.0014
18.55,0.0004
18.54,0.0072
18.53,0.0006
18.52,0.0024
18.52,0.0027
18.51,0.0037
18.50,0.0011
18.50,0.0012
18.49,0.0058
18.48,0.0085
18.48,0.0016
18.46,0.0059
18.46,0.0007
18.45,0.0001
18.44,0.0015
18.43,0.0036
18.43,0.0007
18.42,0.0092
18.41,0.0061
18.41,0.0032
18.41,0.0076
18.39,0.0016
18.38,0.0020
18.37,0.0020
18.37,0.0055
18.36,0.0131
18.35,0.0030
18.34,0.0009
18.33,0.0038
18.33,0.0031
18.32,0.0005
18.32,0.0009
18.31,0.0022
18.31,0.0054
18.31,0.0014
18.30,0.0005
18.29,0.0034
18.29,0.0024
18.28,0.0010
18.27,0.0037
18.27,0.0098
18.26,0.0019
18.26,0.0016
18.25,0.0063
18.25,0.0139
18.24,0.0074
18.23,0.0078
18.22,0.0035
18.21,0.0034
18.20,0.0008
18.19,0.0009
18.18,0.0017
18.17,0.0077
18.16,0.0003
18.16,0.0005
18.15,0.0028
18.15,0.0007
18.15,0.0018
18.14,0.0037
18.14,0.0017
18.13,0.0028
18.12,0.0030
18.12,0.0132
18.12,0.0023
18.11,0.0090
18.10,0.0054
18.09,0.0044
18.09,0.0003
18.08,0.0013
18.07,0.0082
18.06,0.0070
18.06,0.0019
18.05,0.0126
18.05,0.0061
18.04,0.0011
18.03,0.0006
18.02,0.0033
18.01,0.0064
18.00,0.0026
18.00,0.0029
18.00,0.0028
17.99,0.0062
17.99,0.0013
17.98,0.0031
17.97,0.0037
17.96,0.0039
17.95,0.0017
17.93,0.0075
17.93,0.0060
17.92,0.0048
17.92,0.0051
17.91,0.0052
17.91,0.0035
17.90,0.0025
17.89,0.0009
17.89,0.0055
17.88,0.0061
17.87,0.0025
17.87,0.0046
17.86,0.0055
17.85,0.0059
17.84,0.0025
17.84,0.0033
17.83,0.0015
17.82,0.0018
17.81,0.0033
17.80,0.0007
17.80,0.0018
17.79,0.0019
17.79,0.0009
17.78,0.0062
17.77,0.0057
17.76,0.0009
17.76,0.0032
17.76,0.0008
17.75,0.0010
17.75,0.0003
17.74,0.0006
17.73,0.0017
17.72,0.0002
17.72,0.0050
17.71,0.0008
17.70,0.0061
17.70,0.0011
17.69,0.0056
17.68,0.0048
17.68,0.0030
17.67,0.0044
17.67,0.0051
17.66,0.0024
17.65,0.0004
17.64,0.0019
17.63,0.0016
17.63,0.0033
17.62,0.0110
17.61,0.0016
17.61,0.0018
17.60,0.0051
17.59,0.0003
17.59,0.0015
17.58,0.0062
17.58,0.0084
17.57,0.0067
17.56,0.0015
17.55,0.0076
17.55,0.0005
17.55,0.0027
17.53,0.0043
17.52,0.0004
17.52,0.0017
17.51,0.0003
17.50,0.0042
17.49,0.0019
17.48,0.0016
17.47,0.0011
17.46,0.0043
17.45,0.0009
17.44,0.0042
17.44,0.0002
17.43,0.0022
17.42,0.0052
17.42,0.0040
17.41,0.0104
17.41,0.0036
17.41,0.0012
17.40,0.0041
17.40,0.0016
17.39,0.0031
17.39,0.0039
17.37,0.0047
17.36,0.0065
17.35,0.0031
17.35,0.0029
17.34,0.0024
17.34,0.0019
17.33,0.0004
17.32,0.0058
17.32,0.0034
17.31,0.0036
17.30,0.0036
17.30,0.0013
17.29,0.0022
17.28,0.0056
17.27,0.0008
17.27,0.0012
17.26,0.0018
17.25,0.0008
17.25,0.0100
17.24,0.0009
17.23,0.0015
17.23,0.0022
17.22,0.0043
17.21,0.0008
17.20,0.0021
17.20,0.0019
17.19,0.0005
17.17,0.0020
17.17,0.0030
17.16,0.0027
17.16,0.0026
17.15,0.0025
17.14,0.0015
17.14,0.0045
17.14,0.0005
17.13,0.0174
17.13,0.0035
17.12,0.0003
17.10,0.0040
17.10,0.0043
17.10,0.0017
17.09,0.0043
17.08,0.0053
17.08,0.0040
17.08,0.0069
17.06,0.0108
17.06,0.0007
17.05,0.0027
17.04,0.0031
17.03,0.0081
17.03,0.0115
17.02,0.0048
17.02,0.0044
17.01,0.0009
16.99,0.0042
16.99,0.0009
16.99,0.0023
16.98,0.0028
16.97,0.0032
16.96,0.0032
16.96,0.0023
16.95,0.0060
16.94,0.0018
16.93,0.0068
16.92,0.0008
16.91,0.0025
16.91,0.0050
16.90,0.0101
16.89,0.0007
16.88,0.0052
16.87,0.0040
16.87,0.0051
16.87,0.0037
16.87,0.0045
16.85,0.0026
16.85,0.0015
16.84,0.0017
16.84,0.0000
16.83,0.0101
16.82,0.0014
16.82,0.0068
16.81,0.0004
16.81,0.0053
16.80,0.0076
16.79,0.0026
16.79,0.0004
16.78,0.0004
16.78,0.0075
16.77,0.0034
16.77,0.0031
16.76,0.0006
16.75,0.0007
16.74,0.0017
16.73,0.0016
16.73,0.0044
16.72,0.0124
16.72,0.0094
16.70,0.0010
16.70,0.0008
16.69,0.0070
16.69,0.0014
16.67,0.0039
16.67,0.0046
16.66,0.0016
16.65,0.0024
16.65,0.0034
16.63,0.0035
16.62,0.0068
16.62,0.0049
16.62,0.0052
16.61,0.0006
16.60,0.0004
16.59,0.0004
16.59,0.0019
16.58,0.0034
16.58,0.0017
16.57,0.0007
16.57,0.0030
16.56,0.0026
16.55,0.0037
16.55,0.0094
16.55,0.0056
16.54,0.0097
16.54,0.0043
16.52,0.0011
16.51,0.0007
16.51,0.0037
16.51,0.0036
16.50,0.0013
16.49,0.0061
16.48,0.0018
16.48,0.0017
16.47,0.0032
16.47,0.0051
16.46,0.0029
16.46,0.0061
16.45,0.0009
16.44,0.0045
16.44,0.0036
16.43,0.0044
16.42,0.0045
16.42,0.0028
16.41,0.0040
16.41,0.0111
16.41,0.0040
16.39,0.0030
16.39,0.0013
16.38,0.0036
16.38,0.0013
16.37,0.0029
16.36,0.0002
16.35,0.0039
16.35,0.0019
16.34,0.0088
16.34,0.0007
16.33,0.0023
16.32,0.0039
16.31,0.0029
16.30,0.0021
16.30,0.0033
16.29,0.0051
16.29,0.0013
16.28,0.0176
16.27,0.0127
16.27,0.0039
16.26,0.0038
16.25,0.0004
16.25,0.0002
16.24,0.0034
16.23,0.0019
16.23,0.0024
16.22,0.0004
16.21,0.0007
16.21,0.0007
16.20,0.0062
16.19,0.0040
16.19,0.0014
16.19,0.0050
16.18,0.0014
16.17,0.0042
16.17,0.0025
16.16,0.0014
16.15,0.0021
16.14,0.0010
16.14,0.0004
16.13,0.0053
16.11,0.0039
16.11,0.0010
16.10,0.0014
16.10,0.0020
16.10,0.0046
16.09,0.0010
16.08,0.0009
16.07,0.0007
16.06,0.0050
16.06,0.0027
16.06,0.0016
16.05,0.0024
16.04,0.0010
16.04,0.0014
16.01,0.0050
16.01,0.0020
16.00,0.0032
15.99,0.0048
15.99,0.0002
15.98,0.0037
15.98,0.0022
15.98,0.0005
15.97,0.0004
15.97,0.0018
15.96,0.0102
15.95,0.0074
15.94,0.0019
15.93,0.0017
15.92,0.0115
15.92,0.0020
15.91,0.0015
15.89,0.0093
15.89,0.0103
15.88,0.0110
15.87,0.0026
15.87,0.0019
15.86,0.0029
15.85,0.0065
15.85,0.0018
15.84,0.0028
15.84,0.0069
15.83,0.0083
15.83,0.0049
15.82,0.0003
15.81,0.0032
15.80,0.0038
15.79,0.0011
15.79,0.0007
15.79,0.0011
15.78,0.0005
15.77,0.0107
15.77,0.0021
15.77,0.0076
15.76,0.0021
15.76,0.0137
15.75,0.0007
15.74,0.0024
15.74,0.0026
15.73,0.0028
15.72,0.0046
15.72,0.0032
15.71,0.0007
15.70,0.0066
15.69,0.0081
15.69,0.0060
15.67,0.0079
15.67,0.0003
15.66,0.0002
15.65,0.0005
15.64,0.0012
15.63,0.0011
15.63,0.0121
15.62,0.0006
15.62,0.0051
15.61,0.0040
15.61,0.0116
15.59,0.0013
15.59,0.0055
15.58,0.0031
15.57,0.0003
15.57,0.0002
15.56,0.0004
15.55,0.0025
15.54,0.0015
15.53,0.0029
15.53,0.0008
15.53,0.0011
15.52,0.0089
15.51,0.0048
15.51,0.0021
15.50,0.0008
15.50,0.0031
15.48,0.0007
15.48,0.0033
15.48,0.0135
15.47,0.0117
15.47,0.0022
15.46,0.0050
15.45,0.0014
15.45,0.0030
15.44,0.0022
15.43,0.0007
15.42,0.0003
15.41,0.0043
15.41,0.0025
15.39,0.0001
15.38,0.0014
15.38,0.0026
15.37,0.0007
15.37,0.0011
15.36,0.0017
15.36,0.0015
15.35,0.0022
15.35,0.0074
15.35,0.0020
15.33,0.0007
15.33,0.0054
15.32,0.0006
15.32,0.0011
15.31,0.0025
15.31,0.0019
15.30,0.0001
15.29,0.0068
15.27,0.0018
15.26,0.0016
15.25,0.0007
15.25,0.0037
15.24,0.0029
15.23,0.0019
15.23,0.0011
15.21,0.0012
15.21,0.0208
15.20,0.0020
15.20,0.0027
15.19,0.0014
15.19,0.0009
15.18,0.0039
15.18,0.0027
15.17,0.0039
15.16,0.0089
15.15,0.0012
15.14,0.0052
15.14,0.0073
15.13,0.0087
15.13,0.0144
15.13,0.0002
15.12,0.0174
15.11,0.0031
15.11,0.0031
15.10,0.0016
15.10,0.0025
15.08,0.0006
15.08,0.0047
15.07,0.0140
15.06,0.0024
15.05,0.0023
15.05,0.0112
15.04,0.0020
15.03,0.0041
15.02,0.0010
15.02,0.0082
15.02,0.0040
15.01,0.0013
15.01,0.0029
15.00,0.0006
14.99,0.0007
14.98,0.0045
14.98,0.0021
14.96,0.0018
14.96,0.0014
14.95,0.0018
14.94,0.0029
14.94,0.0051
14.94,0.0103
14.92,0.0020
14.92,0.0083
14.92,0.0106
14.91,0.0052
14.90,0.0016
14.89,0.0013
14.89,0.0059
14.89,0.0041
14.87,0.0038
14.87,0.0205
14.87,0.0099
14.85,0.0074
14.84,0.0009
14.84,0.0003
14.83,0.0015
14.82,0.0074
14.82,0.0023
14.81,0.0003
14.81,0.0084
14.80,0.0031
14.80,0.0019
14.79,0.0013
14.78,0.0020
14.77,0.0031
14.76,0.0014
14.76,0.0004
14.75,0.0032
14.75,0.0010
14.73,0.0057
14.73,0.0028
14.71,0.0004
14.71,0.0023
14.70,0.0078
14.69,0.0119
14.68,0.0096
14.66,0.0027
14.66,0.0037
14.66,0.0008
14.65,0.0015
14.65,0.0005
14.64,0.0006
14.63,0.0009
14.62,0.0062
14.61,0.0031
14.61,0.0050
14.60,0.0012
14.60,0.0029
14.59,0.0004
14.57,0.0005
14.57,0.0088
14.56,0.0039
14.55,0.0086
14.54,0.0050
14.53,0.0015
14.51,0.0088
14.51,0.0009
14.51,0.0005
14.49,0.0001
14.48,0.0023
14.48,0.0005
14.47,0.0004
14.46,0.0015
14.45,0.0001
14.45,0.0015
14.44,0.0032
14.43,0.0007
14.41,0.0022
14.41,0.0118
14.40,0.0071
14.40,0.0008
14.39,0.0027
14.39,0.0013
14.37,0.0019
14.36,0.0028
14.35,0.0001
14.34,0.0003
14.34,0.0038
14.33,0.0002
14.32,0.0007
14.32,0.0016
14.31,0.0017
14.31,0.0013
14.30,0.0070
14.30,0.0018
14.29,0.0030
14.28,0.0006
14.27,0.0087
14.25,0.0065
14.25,0.0009
14.24,0.0014
14.23,0.0031
14.23,0.0032
14.22,0.0048
14.21,0.0027
14.21,0.0074
14.20,0.0006
14.20,0.0159
14.19,0.0029
14.18,0.0012
14.17,0.0016
14.16,0.0011
14.16,0.0002
14.15,0.0058
14.15,0.0013
14.12,0.0004
14.11,0.0105
14.10,0.0002
14.09,0.0035
14.09,0.0014
14.08,0.0045
14.07,0.0032
14.06,0.0025
14.05,0.0002
14.05,0.0023
14.05,0.0020
14.04,0.0059
14.03,0.0202
14.01,0.0017
14.01,0.0050
14.01,0.0015
14.00,0.0098
13.99,0.0095
13.98,0.0018
13.98,0.0028
13.97,0.0132
13.97,0.0085
13.96,0.0087
13.96,0.0099
13.94,0.0004
13.93,0.0038
13.93,0.0002
13.92,0.0008
13.92,0.0027
13.91,0.0061
13.89,0.0033
13.89,0.0025
13.87,0.0006
13.87,0.0028
13.86,0.0086
13.86,0.0022
13.85,0.0056
13.85,0.0012
13.84,0.0027
13.84,0.0045
13.84,0.0147
13.83,0.0090
13.83,0.0088
13.80,0.0014
13.80,0.0004
13.79,0.0058
13.78,0.0195
13.77,0.0017
13.77,0.0002
13.76,0.0017
13.75,0.0007
13.75,0.0002
13.73,0.0083
13.73,0.0062
13.72,0.0009
13.71,0.0058
13.71,0.0032
13.70,0.0012
13.69,0.0154
13.69,0.0027
13.68,0.0093
13.67,0.0020
13.67,0.0077
13.65,0.0022
13.64,0.0022
13.64,0.0038
13.63,0.0048
13.62,0.0111
13.61,0.0115
13.61,0.0023
13.61,0.0001
13.60,0.0046
13.60,0.0035
13.59,0.0079
13.58,0.0087
13.58,0.0017
13.57,0.0051
13.56,0.0035
13.56,0.0008
13.53,0.0158
13.52,0.0004
13.52,0.0082
13.52,0.0035
13.51,0.0005
13.50,0.0015
13.49,0.0011
13.49,0.0015
13.48,0.0019
13.48,0.0040
13.48,0.0035
13.48,0.0028
13.48,0.0006
13.46,0.0015
13.46,0.0014
13.44,0.0012
13.44,0.0269
13.43,0.0019
13.42,0.0032
13.42,0.0182
13.41,0.0022
13.41,0.0035
13.40,0.0065
13.40,0.0084
13.38,0.0043
13.38,0.0012
13.38,0.0007
13.38,0.0028
13.36,0.0022
13.35,0.0022
13.35,0.0095
13.35,0.0008
13.33,0.0075
13.32,0.0017
13.31,0.0002
13.31,0.0014
13.30,0.0107
13.29,0.0091
13.29,0.0014
13.27,0.0089
13.26,0.0050
13.24,0.0015
13.23,0.0004
13.23,0.0005
13.22,0.0031
13.22,0.0007
13.21,0.0019
13.21,0.0011
13.20,0.0041
13.20,0.0010
13.20,0.0017
13.18,0.0015
13.17,0.0007
13.17,0.0005
13.17,0.0034
13.17,0.0002
13.16,0.0047
13.16,0.0010
13.15,0.0006
13.15,0.0099
13.15,0.0039
13.14,0.0031
13.13,0.0013
13.13,0.0016
13.12,0.0011
13.11,0.0014
13.10,0.0014
13.10,0.0009
13.09,0.0122
13.08,0.0005
13.07,0.0019
13.06,0.0053
13.06,0.0019
13.06,0.0057
13.04,0.0035
13.04,0.0024
13.04,0.0027
13.02,0.0021
13.00,0.0010
12.99,0.0039
12.99,0.0021
12.98,0.0006
12.98,0.0019
12.98,0.0014
12.97,0.0021
12.97,0.0015
12.96,0.0054
12.96,0.0016
12.95,0.0012
12.95,0.0011
12.94,0.0004
12.93,0.0014
12.91,0.0014
12.91,0.0045
12.87,0.0005
12.86,0.0000
12.86,0.0011
12.86,0.0018
12.86,0.0030
12.85,0.0019
12.85,0.0093
12.84,0.0082
12.83,0.0006
12.83,0.0174
12.83,0.0012
12.82,0.0091
12.81,0.0063
12.81,0.0053
12.80,0.0107
12.79,0.0004
12.79,0.0017
12.78,0.0083
12.78,0.0044
12.77,0.0003
12.76,0.0052
12.75,0.0020
12.74,0.0014
12.74,0.0008
12.74,0.0016
12.72,0.0032
12.72,0.0037
12.72,0.0010
12.70,0.0017
12.70,0.0010
12.69,0.0006
12.67,0.0009
12.66,0.0010
12.66,0.0008
12.65,0.0029
12.64,0.0035
12.63,0.0005
12.63,0.0002
12.62,0.0012
12.61,0.0003
12.60,0.0001
12.60,0.0006
12.57,0.0019
12.56,0.0008
12.55,0.0003
12.55,0.0049
12.54,0.0009
12.54,0.0060
12.53,0.0008
12.53,0.0004
12.53,0.0020
12.52,0.0008
12.51,0.0008
12.51,0.0007
12.51,0.0003
12.50,0.0026
12.49,0.0003
12.48,0.0011
12.46,0.0025
12.45,0.0054
12.45,0.0011
12.44,0.0004
12.43,0.0019
12.42,0.0028
12.40,0.0007
12.40,0.0005
12.39,0.0044
12.39,0.0098
12.38,0.0086
12.36,0.0016
12.36,0.0008
12.34,0.0030
12.34,0.0030
12.33,0.0012
12.33,0.0054
12.32,0.0068
12.32,0.0010
12.31,0.0060
12.31,0.0029
12.30,0.0098
12.29,0.0010
12.29,0.0105
12.28,0.0009
12.27,0.0002
12.25,0.0017
12.24,0.0122
12.23,0.0020
12.22,0.0033
12.21,0.0014
12.21,0.0033
12.19,0.0022
12.19,0.0013
12.18,0.0022
12.18,0.0028
12.17,0.0017
12.17,0.0100
12.15,0.0013
12.15,0.0031
12.14,0.0158
12.13,0.0003
12.12,0.0176
12.11,0.0049
12.11,0.0106
12.10,0.0103
12.09,0.0016
12.08,0.0032
12.08,0.0233
12.07,0.0162
12.03,0.0080
12.02,0.0041
12.02,0.0069
12.02,0.0013
12.02,0.0225
12.00,0.0048
11.99,0.0082
11.99,0.0057
11.98,0.0048
11.97,0.0061
11.96,0.0062
11.95,0.0027
11.94,0.0012
11.94,0.0020
11.94,0.0064
11.92,0.0004
11.92,0.0062
11.91,0.0234
11.90,0.0308
11.89,0.0323
11.89,0.0027
11.87,0.0042
11.87,0.0017
11.86,0.0082
11.85,0.0051
11.85,0.0013
11.84,0.0004
11.84,0.0014
11.83,0.0103
11.82,0.0026
11.81,0.0007
11.80,0.0046
11.80,0.0028
11.77,0.0007
11.77,0.0047
11.77,0.0011
11.76,0.0012
11.75,0.0157
11.74,0.0011
11.73,0.0216
11.72,0.0085
11.72,0.0001
11.71,0.0032
11.71,0.0081
11.70,0.0121
11.69,0.0138
11.69,0.0017
11.67,0.0281
11.67,0.0312
11.65,0.0006
11.65,0.0011
11.65,0.0073
11.64,0.0024
11.63,0.0084
11.63,0.0070
11.62,0.0048
11.62,0.0000
11.61,0.0029
11.61,0.0061
11.58,0.0007
11.57,0.0036
11.56,0.0008
11.56,0.0021
11.55,0.0067
11.54,0.0028
11.53,0.0029
11.52,0.0357
11.50,0.0061
11.49,0.0027
11.48,0.0107
11.48,0.0083
11.47,0.0002
11.46,0.0032
11.46,0.0664
11.44,0.0023
11.44,0.0019
11.43,0.0442
11.42,0.0090
11.42,0.0070
11.42,0.0029
11.41,0.0004
11.41,0.0008
11.41,0.0328
11.39,0.0333
11.39,0.0018
11.38,0.0293
11.34,0.0485
11.32,0.0063
11.31,0.0356
11.31,0.0483
11.30,0.0025
11.30,0.0182
11.29,0.0140
11.28,0.0161
11.27,0.0055
11.27,0.0016
11.26,0.0185
11.25,0.0628
11.25,0.0203
11.23,0.0041
11.23,0.0022
11.22,0.0114
11.22,0.0260
11.21,0.0074
11.20,0.0227
11.20,0.0102
11.19,0.0447
11.16,0.0026
11.15,0.0032
11.14,0.1404
11.13,0.2053
11.08,0.0033
11.07,0.0002
11.06,0.0336
11.06,0.0002
11.04,0.0092
11.03,0.0012
11.02,0.0230
11.02,0.0438
11.01,0.0193
10.99,0.0022
10.98,0.0062
10.89,0.0007
10.88,0.0039
10.87,0.0063
10.86,0.0020
10.84,0.0004
10.84,0.0003
10.81,0.0002
10.81,0.0010
10.80,0.0254
10.79,0.0031
10.78,0.0001
10.76,0.0021
10.73,0.0005
10.72,0.0279
10.71,0.0003
10.67,0.0072
10.66,0.0431
10.65,0.0063
10.64,0.1325
10.61,0.1900
10.60,0.0665
10.59,0.0006
10.58,0.0009
10.54,0.0091
10.53,0.0008
10.50,0.1107
10.48,0.0001
10.48,0.0017
10.46,0.0919
10.44,0.0007
10.40,0.0003
10.39,0.0568
10.38,0.0012
10.37,0.0230
10.36,0.0039
10.32,0.1324
10.31,0.0074
10.27,0.0318
10.27,0.0014
10.25,0.0006
10.24,0.0001
10.22,0.0001
10.22,0.0115
10.18,0.0726
10.18,0.0564
10.12,0.0001
10.10,0.0044
10.05,0.0708
10.01,0.0002
9.94,0.0040
9.94,0.0095
9.87,0.0012
9.81,0.0108
9.76,0.0006
9.69,0.0101
9.65,0.0001
9.50,0.0001
9.44,0.0000
9.30,0.0003
8.96,0.0037
