211.15,0.0009
182.60,0.0275
174.37,0.2125
167.23,0.0430
158.75,0.0086
155.52,0.0054
149.52,0.0355
148.62,0.0052
145.70,0.0131
141.73,0.0034
140.85,0.0081
137.59,0.0012
135.85,0.0050
132.56,0.0435
132.21,0.0121
131.64,0.0010
130.82,0.0568
130.32,0.0568
129.49,0.0122
128.48,0.0152
128.27,0.0079
126.69,0.0045
124.70,0.0052
124.28,0.0011
123.66,0.0171
122.79,0.0039
122.11,0.0056
121.27,0.0423
120.73,0.0265
119.96,0.0334
119.41,0.0053
119.03,0.0592
118.39,0.0228
118.01,0.0085
117.02,0.0353
116.01,0.0552
115.88,0.0617
114.91,0.0022
114.11,0.0040
113.88,0.0421
113.35,0.0920
112.82,0.0165
112.64,0.0233
112.44,0.0092
112.21,0.0273
111.66,0.0144
111.38,0.0258
110.86,0.0305
110.47,0.0243
109.62,0.0283
108.74,0.0166
108.16,0.0304
107.97,0.0033
107.74,0.0069
107.44,0.0562
106.60,0.0070
106.26,0.0704
106.15,0.0275
105.27,0.0385
104.93,0.0417
104.80,0.0538
104.68,0.0069
104.66,0.0227
104.38,0.0179
104.02,0.0568
103.70,0.0168
103.30,0.0911
102.99,0.1181
102.57,0.0686
102.29,0.0553
101.57,0.0147
101.37,0.1035
101.11,0.0207
100.98,0.0336
100.77,0.0198
100.51,0.0071
100.14,0.0286
99.90,0.0148
99.62,0.0927
99.49,0.0376
99.34,0.0629
98.99,0.0138
98.93,0.0162
98.70,0.0109
98.44,0.0049
98.25,0.0204
98.13,0.0135
97.81,0.0591
97.48,0.0149
97.35,0.0239
97.16,0.0531
96.97,0.0243
96.85,0.0278
96.81,0.0156
96.35,0.0678
96.19,0.0329
95.99,0.0371
95.84,0.0243
95.60,0.0446
95.28,0.0410
95.20,0.0820
95.11,0.0018
94.95,0.0085
94.73,0.0699
94.16,0.0330
93.93,0.0135
93.75,0.0102
93.61,0.0549
93.36,0.0015
93.35,0.0021
93.24,0.0088
93.12,0.0118
92.62,0.0134
92.44,0.0246
92.40,0.0310
92.33,0.0400
92.20,0.0322
92.01,0.0154
91.98,0.0038
91.78,0.0087
91.61,0.0014
91.38,0.0150
91.29,0.0132
91.26,0.0422
90.95,0.0152
90.88,0.0233
90.73,0.0152
90.62,0.0070
90.32,0.0219
90.14,0.0217
89.75,0.0045
89.70,0.0239
89.57,0.0062
89.49,0.0549
89.39,0.0179
89.25,0.0391
89.04,0.0601
89.03,0.0693
88.59,0.0478
88.54,0.0082
88.40,0.0093
88.28,0.0285
88.14,0.0108
88.04,0.0080
87.77,0.0230
87.72,0.0031
87.66,0.0120
87.50,0.0753
87.41,0.0143
87.23,0.0188
87.14,0.0154
87.05,0.0697
86.95,0.0207
86.93,0.0411
86.80,0.0294
86.76,0.0098
86.67,0.0053
86.50,0.0485
86.31,0.0213
86.13,0.1447
86.02,0.0250
85.95,0.0274
85.73,0.0132
85.56,0.0009
85.56,0.0331
85.42,0.0327
85.16,0.0092
85.10,0.0536
85.00,0.0335
84.77,0.0246
84.65,0.0820
84.58,0.0882
84.26,0.0153
84.20,0.0096
84.02,0.0266
84.02,0.0325
83.94,0.0674
83.78,0.0085
83.72,0.0065
83.56,0.0034
83.48,0.0418
83.41,0.0016
83.32,0.0030
83.27,0.0198
83.07,0.0362
82.91,0.0214
82.79,0.0226
82.72,0.0330
82.60,0.0303
82.54,0.1018
82.44,0.0136
82.33,0.0031
82.24,0.0089
82.10,0.1151
82.00,0.0036
81.95,0.0619
81.82,0.0275
81.64,0.0607
81.63,0.0410
81.51,0.0280
81.39,0.0710
81.36,0.0281
81.25,0.0199
81.17,0.0468
81.05,0.0271
80.88,0.0260
80.76,0.0095
80.69,0.0579
80.58,0.0050
80.46,0.0346
80.43,0.0059
80.35,0.0042
80.20,0.0290
80.11,0.0244
80.01,0.0493
79.86,0.0208
79.78,0.0054
79.62,0.0271
79.58,0.0721
79.50,0.0428
79.40,0.0155
79.36,0.0172
79.27,0.0500
79.08,0.0372
79.05,0.0517
78.93,0.0062
78.85,0.0485
78.75,0.0218
78.72,0.0560
78.65,0.0632
78.61,0.0663
78.52,0.0321
78.44,0.0514
78.40,0.0165
78.18,0.0204
78.01,0.0025
77.96,0.0254
77.93,0.0696
77.83,0.0159
77.76,0.1431
77.72,0.1478
77.63,0.0357
77.52,0.0268
77.40,0.0279
77.34,0.0338
77.24,0.0558
77.21,0.0776
77.11,0.0172
77.04,0.0431
76.85,0.0090
76.80,0.0407
76.68,0.0118
76.61,0.0271
76.56,0.0042
76.51,0.0030
76.45,0.0326
76.32,0.0232
76.28,0.0492
76.27,0.0478
76.16,0.0307
76.01,0.0188
75.87,0.0534
75.83,0.0483
75.73,0.0301
75.67,0.0075
75.59,0.0086
75.49,0.0373
75.39,0.0196
75.35,0.0853
75.29,0.0083
75.23,0.0084
75.15,0.0122
75.10,0.0955
75.07,0.0035
74.98,0.0180
74.88,0.0293
74.84,0.0155
74.78,0.0197
74.70,0.0003
74.59,0.0070
74.52,0.0145
74.45,0.0073
74.41,0.0276
74.33,0.0207
74.21,0.0783
74.15,0.0070
74.13,0.0164
73.98,0.0076
73.87,0.0302
73.83,0.0056
73.80,0.0048
73.75,0.0024
73.70,0.0126
73.62,0.0150
73.56,0.0465
73.49,0.0348
73.43,0.0047
73.29,0.0065
73.27,0.0244
73.25,0.0044
73.15,0.0152
73.10,0.0824
73.04,0.0376
73.00,0.0497
72.85,0.0034
72.83,0.0240
72.78,0.0071
72.75,0.0457
72.67,0.0094
72.61,0.0392
72.55,0.0607
72.34,0.0250
72.32,0.0128
72.28,0.0238
72.19,0.0190
72.17,0.0317
72.05,0.0287
72.03,0.0126
71.93,0.0072
71.87,0.0096
71.78,0.0227
71.74,0.0591
71.61,0.0123
71.58,0.0107
71.56,0.0107
71.52,0.0328
71.44,0.0088
71.40,0.0068
71.32,0.0369
71.25,0.0389
71.23,0.0367
71.16,0.0185
71.10,0.0173
70.97,0.0170
70.96,0.0177
70.95,0.0329
70.84,0.0031
70.75,0.0404
70.64,0.0046
70.61,0.0085
70.55,0.0190
70.50,0.0174
70.45,0.0237
70.38,0.0144
70.35,0.0176
70.23,0.0656
70.19,0.0266
70.15,0.0157
70.11,0.0394
70.02,0.0359
69.96,0.0303
69.93,0.0046
69.83,0.0085
69.76,0.0132
69.73,0.0279
69.68,0.0094
69.64,0.0064
69.54,0.0943
69.50,0.0164
69.45,0.0235
69.39,0.0047
69.32,0.0399
69.25,0.0213
69.13,0.0142
69.07,0.0361
69.06,0.1036
68.98,0.0212
68.92,0.0212
68.88,0.0192
68.78,0.0391
68.72,0.0731
68.56,0.2052
68.52,0.0450
68.49,0.0115
68.45,0.0032
68.39,0.0019
68.36,0.0302
68.26,0.0113
68.20,0.0420
68.16,0.0241
68.10,0.0290
68.07,0.0990
68.01,0.0088
67.94,0.0194
67.91,0.0507
67.85,0.0044
67.79,0.0153
67.74,0.0282
67.70,0.0148
67.63,0.0013
67.58,0.0063
67.55,0.0258
67.48,0.0166
67.45,0.0056
67.32,0.0391
67.30,0.0019
67.23,0.0220
67.22,0.0323
67.20,0.0123
67.10,0.0247
67.07,0.0090
66.98,0.0265
66.94,0.0073
66.79,0.0089
66.75,0.0027
66.72,0.0225
66.68,0.0375
66.61,0.0045
66.58,0.1083
66.54,0.0689
66.43,0.0214
66.40,0.0139
66.31,0.0124
66.24,0.0314
66.19,0.0065
66.18,0.0139
66.08,0.0075
66.01,0.0121
65.94,0.0407
65.92,0.0399
65.87,0.0048
65.83,0.0317
65.80,0.0660
65.71,0.0047
65.66,0.0405
65.61,0.0431
65.52,0.0168
65.42,0.0504
65.36,0.0296
65.32,0.0041
65.29,0.0158
65.24,0.0401
65.12,0.0067
65.07,0.0338
65.01,0.0068
64.96,0.0082
64.95,0.0363
64.91,0.0121
64.85,0.0040
64.77,0.0223
64.74,0.0438
64.70,0.0390
64.66,0.0062
64.59,0.0286
64.58,0.0288
64.54,0.0049
64.43,0.0463
64.38,0.0162
64.36,0.0189
64.33,0.0175
64.24,0.0099
64.14,0.0054
64.06,0.0643
64.04,0.0034
63.99,0.0209
63.95,0.0723
63.95,0.0176
63.89,0.0102
63.86,0.0367
63.82,0.0082
63.79,0.0034
63.73,0.0016
63.65,0.0584
63.65,0.0286
63.62,0.0083
63.52,0.0127
63.48,0.0320
63.47,0.0220
63.40,0.0074
63.34,0.0050
63.33,0.0225
63.27,0.0030
63.24,0.0292
63.20,0.0226
63.11,0.0219
63.09,0.0097
63.05,0.0108
63.02,0.0511
62.98,0.0288
62.94,0.0103
62.91,0.0390
62.89,0.0195
62.79,0.0199
62.76,0.0070
62.72,0.0269
62.70,0.0252
62.65,0.0081
62.61,0.0087
62.55,0.0046
62.52,0.0068
62.49,0.0132
62.45,0.0096
62.38,0.0076
62.35,0.0019
62.31,0.0053
62.27,0.0189
62.25,0.0061
62.20,0.0197
62.14,0.0326
62.08,0.0455
62.04,0.0121
62.01,0.0079
61.95,0.0021
61.91,0.0063
61.89,0.0136
61.85,0.0215
61.80,0.0009
61.73,0.0127
61.70,0.0176
61.69,0.0012
61.64,0.0101
61.59,0.0447
61.59,0.0238
61.55,0.0081
61.52,0.0180
61.49,0.0111
61.45,0.0033
61.41,0.0165
61.38,0.0211
61.37,0.0171
61.29,0.0152
61.24,0.0100
61.23,0.0158
61.19,0.0098
61.16,0.0275
61.07,0.0093
61.03,0.0089
61.01,0.0122
60.96,0.0155
60.94,0.0281
60.91,0.0100
60.90,0.0239
60.86,0.0053
60.82,0.0257
60.78,0.0038
60.76,0.0430
60.67,0.0093
60.63,0.0194
60.52,0.0031
60.49,0.0108
60.49,0.0241
60.47,0.0322
60.42,0.0038
60.35,0.0133
60.33,0.0066
60.24,0.0189
60.21,0.0561
60.16,0.0047
60.14,0.0105
60.12,0.0286
60.09,0.0089
60.04,0.0142
60.00,0.0225
59.94,0.0007
59.90,0.0003
59.84,0.0189
59.81,0.0012
59.77,0.0255
59.75,0.0069
59.72,0.0024
59.66,0.0222
59.63,0.0048
59.61,0.0152
59.58,0.0090
59.53,0.0350
59.51,0.0209
59.45,0.0159
59.44,0.0232
59.37,0.0038
59.34,0.0161
59.32,0.0033
59.29,0.0279
59.22,0.0342
59.19,0.0079
59.14,0.0243
59.12,0.0051
59.09,0.0051
59.07,0.0040
59.06,0.0008
59.01,0.0253
58.99,0.0120
58.93,0.0050
58.93,0.0058
58.91,0.0032
58.84,0.0109
58.81,0.0349
58.79,0.0131
58.75,0.0059
58.70,0.0108
58.69,0.0063
58.66,0.0064
58.63,0.0095
58.61,0.0128
58.58,0.0102
58.56,0.0111
58.52,0.0143
58.49,0.0176
58.46,0.0169
58.43,0.0027
58.42,0.0169
58.37,0.0008
58.36,0.0064
58.34,0.0091
58.25,0.0172
58.24,0.0131
58.22,0.0205
58.19,0.0030
58.16,0.0036
58.14,0.0020
58.12,0.0305
58.07,0.0089
58.03,0.0069
57.99,0.0034
57.97,0.0090
57.95,0.0022
57.90,0.0054
57.84,0.0062
57.83,0.0165
57.81,0.0030
57.77,0.0144
57.74,0.0231
57.70,0.0043
57.67,0.0148
57.65,0.0037
57.61,0.0142
57.58,0.0296
57.57,0.0096
57.51,0.0138
57.50,0.0250
57.45,0.0132
57.43,0.0127
57.42,0.0151
57.37,0.0101
57.33,0.0004
57.31,0.0079
57.20,0.0288
57.19,0.0358
57.16,0.0087
57.12,0.0528
57.10,0.0211
57.06,0.0091
57.01,0.0023
57.00,0.0144
56.99,0.0138
56.92,0.0156
56.90,0.0232
56.89,0.0089
56.85,0.0093
56.81,0.0320
56.79,0.0123
56.75,0.0066
56.73,0.0036
56.67,0.0024
56.67,0.0303
56.64,0.0040
56.63,0.0088
56.53,0.0115
56.50,0.0154
56.47,0.0117
56.42,0.0166
56.41,0.0165
56.37,0.0118
56.32,0.0212
56.29,0.0359
56.27,0.0217
56.23,0.0292
56.21,0.0209
56.16,0.0090
56.14,0.0056
56.12,0.0101
56.10,0.0166
56.06,0.0166
56.04,0.0266
56.03,0.0032
56.01,0.0014
55.94,0.0006
55.93,0.0064
55.89,0.0250
55.88,0.0153
55.85,0.0011
55.80,0.0075
55.79,0.0149
55.75,0.0073
55.73,0.0025
55.70,0.0109
55.65,0.0352
55.64,0.0384
55.61,0.0121
55.60,0.0088
55.54,0.0074
55.51,0.0039
55.49,0.0474
55.45,0.0184
55.44,0.0336
55.40,0.0253
55.37,0.0195
55.34,0.0085
55.32,0.0142
55.27,0.0057
55.26,0.0290
55.21,0.0251
55.20,0.0218
55.14,0.0151
55.13,0.0202
55.11,0.0715
55.06,0.0145
55.03,0.0102
55.01,0.0025
55.00,0.0020
54.95,0.0087
54.90,0.0053
54.88,0.0080
54.87,0.0159
54.85,0.0200
54.82,0.0030
54.79,0.0437
54.76,0.0249
54.74,0.0115
54.69,0.0102
54.65,0.0232
54.61,0.0008
54.59,0.0360
54.57,0.0208
54.55,0.0266
54.48,0.0060
54.47,0.0157
54.45,0.0057
54.41,0.0048
54.40,0.0006
54.36,0.0049
54.33,0.0457
54.29,0.0142
54.27,0.0093
54.23,0.0099
54.20,0.0030
54.17,0.0345
54.14,0.0194
54.11,0.0011
54.11,0.0727
54.07,0.0015
54.05,0.0082
54.03,0.0099
54.02,0.0061
53.98,0.0070
53.95,0.0066
53.89,0.0277
53.88,0.0075
53.86,0.0087
53.83,0.0162
53.80,0.0435
53.77,0.0023
53.74,0.0277
53.71,0.0293
53.68,0.0008
53.64,0.0268
53.61,0.0278
53.56,0.0251
53.54,0.0092
53.52,0.0242
53.49,0.0135
53.47,0.0013
53.43,0.0049
53.42,0.0215
53.40,0.0102
53.38,0.0124
53.33,0.0113
53.31,0.0059
53.29,0.0048
53.26,0.0131
53.23,0.0640
53.22,0.0260
53.19,0.0607
53.16,0.0204
53.11,0.0020
53.09,0.0204
53.06,0.0213
53.01,0.0736
52.98,0.0287
52.96,0.0114
52.91,0.0428
52.88,0.0188
52.87,0.0138
52.81,0.0352
52.80,0.0044
52.76,0.0100
52.73,0.0065
52.69,0.0168
52.66,0.0157
52.64,0.0070
52.61,0.0086
52.60,0.0370
52.57,0.0275
52.55,0.0047
52.51,0.0458
52.47,0.0354
52.45,0.0199
52.45,0.0264
52.42,0.0335
52.40,0.0262
52.36,0.0086
52.33,0.0061
52.33,0.0170
52.30,0.0103
52.26,0.0174
52.24,0.0248
52.23,0.0076
52.20,0.0340
52.16,0.0116
52.14,0.0022
52.13,0.0126
52.09,0.0289
52.07,0.0290
52.05,0.0057
52.00,0.0070
51.99,0.0028
51.98,0.0159
51.95,0.0167
51.93,0.0069
51.93,0.0099
51.91,0.0034
51.85,0.0143
51.85,0.0483
51.80,0.0041
51.78,0.0030
51.74,0.0103
51.73,0.0326
51.70,0.0049
51.67,0.0083
51.65,0.0111
51.64,0.0244
51.60,0.0010
51.58,0.0117
51.57,0.0542
51.54,0.0234
51.51,0.0031
51.49,0.0056
51.46,0.0168
51.46,0.0079
51.44,0.0080
51.41,0.0102
51.36,0.0039
51.35,0.0074
51.31,0.0190
51.28,0.0087
51.27,0.0180
51.25,0.0042
51.24,0.0014
51.21,0.0229
51.19,0.0365
51.15,0.0159
51.14,0.0113
51.11,0.0233
51.09,0.0048
51.07,0.0007
51.02,0.0117
50.99,0.0094
50.98,0.0077
50.97,0.0381
50.94,0.0045
50.92,0.0221
50.87,0.0247
50.83,0.0102
50.80,0.0185
50.78,0.0008
50.76,0.0001
50.72,0.0301
50.70,0.0158
50.68,0.0166
50.62,0.0708
50.62,0.0013
50.61,0.0150
50.58,0.0078
50.52,0.0044
50.50,0.0107
50.46,0.0143
50.45,0.0134
50.44,0.0048
50.42,0.0397
50.38,0.0051
50.34,0.0059
50.32,0.0223
50.29,0.0096
50.29,0.0012
50.26,0.0279
50.23,0.0466
50.21,0.0042
50.20,0.0149
50.13,0.0134
50.13,0.0155
50.11,0.0114
50.09,0.0362
50.06,0.0394
50.03,0.0290
50.02,0.0318
50.01,0.0098
49.99,0.0172
49.96,0.0335
49.95,0.0215
49.92,0.0274
49.89,0.0093
49.86,0.0167
49.80,0.0107
49.78,0.0097
49.74,0.0053
49.73,0.0261
49.70,0.0058
49.69,0.0031
49.67,0.0020
49.64,0.0074
49.59,0.0049
49.56,0.0056
49.53,0.0013
49.52,0.0022
49.50,0.0291
49.47,0.0010
49.42,0.0095
49.41,0.0392
49.37,0.0294
49.36,0.0258
49.34,0.0136
49.32,0.0192
49.29,0.0101
49.27,0.0459
49.23,0.0310
49.22,0.0192
49.17,0.0178
49.13,0.0025
49.11,0.0005
49.10,0.0162
49.08,0.0015
49.08,0.0150
49.02,0.0519
49.00,0.0134
48.98,0.0303
48.95,0.0243
48.92,0.0192
48.89,0.0219
48.87,0.0279
48.86,0.0211
48.85,0.0223
48.81,0.0057
48.80,0.0041
48.78,0.0088
48.75,0.0085
48.72,0.0342
48.71,0.0327
48.69,0.0155
48.65,0.0287
48.65,0.0044
48.61,0.0204
48.59,0.0059
48.55,0.0479
48.53,0.0055
48.51,0.0107
48.49,0.0045
48.48,0.0078
48.45,0.0064
48.42,0.0074
48.42,0.0058
48.39,0.0051
48.37,0.0050
48.32,0.0127
48.29,0.0309
48.28,0.0296
48.26,0.0051
48.25,0.0108
48.24,0.0046
48.21,0.0329
48.19,0.0030
48.16,0.0189
48.14,0.0021
48.13,0.0058
48.12,0.0118
48.08,0.0131
48.06,0.0168
48.04,0.0101
48.03,0.0155
48.00,0.0103
47.96,0.0043
47.95,0.0262
47.93,0.0297
47.91,0.0109
47.89,0.0097
47.86,0.0089
47.83,0.0054
47.81,0.0109
47.75,0.0011
47.72,0.0063
47.71,0.0101
47.69,0.0064
47.66,0.0091
47.63,0.0200
47.62,0.0130
47.60,0.0207
47.57,0.0095
47.56,0.0029
47.55,0.0207
47.52,0.0101
47.46,0.0054
47.45,0.0076
47.43,0.0502
47.39,0.0008
47.38,0.0130
47.36,0.0226
47.33,0.0157
47.29,0.0162
47.28,0.0133
47.25,0.0021
47.24,0.0104
47.22,0.0188
47.20,0.0150
47.17,0.0055
47.16,0.0110
47.15,0.0162
47.13,0.0030
47.06,0.0023
47.06,0.0149
47.04,0.0085
47.00,0.0044
46.98,0.0046
46.97,0.0050
46.95,0.0053
46.93,0.0037
46.91,0.0066
46.89,0.0016
46.87,0.0319
46.85,0.0117
46.84,0.0112
46.81,0.0081
46.79,0.0079
46.76,0.0101
46.75,0.0061
46.72,0.0168
46.70,0.0403
46.68,0.0227
46.67,0.0076
46.61,0.0079
46.61,0.0027
46.58,0.0052
46.55,0.0035
46.52,0.0301
46.50,0.0051
46.49,0.0032
46.48,0.0117
46.45,0.0320
46.44,0.0003
46.41,0.0576
46.39,0.0589
46.37,0.0239
46.34,0.0503
46.30,0.0332
46.29,0.0139
46.27,0.0010
46.24,0.0104
46.23,0.0217
46.20,0.0151
46.18,0.0013
46.16,0.0078
46.12,0.0044
46.10,0.0250
46.08,0.0100
46.06,0.0162
46.05,0.0025
46.01,0.0052
45.99,0.0014
45.98,0.0094
45.96,0.0347
45.92,0.0218
45.90,0.0150
45.89,0.0019
45.87,0.0027
45.84,0.0133
45.83,0.0015
45.79,0.0106
45.76,0.0182
45.74,0.0138
45.71,0.0232
45.70,0.0202
45.69,0.0107
45.66,0.0039
45.65,0.0304
45.62,0.0433
45.58,0.0103
45.56,0.0045
45.54,0.0154
45.51,0.0030
45.49,0.0082
45.46,0.0058
45.44,0.0197
45.41,0.0215
45.39,0.0164
45.35,0.0108
45.33,0.0077
45.33,0.0117
45.29,0.0172
45.27,0.0340
45.27,0.0021
45.23,0.0277
45.20,0.0342
45.19,0.0114
45.17,0.0335
45.14,0.0049
45.14,0.0035
45.12,0.0116
45.09,0.0054
45.08,0.0097
45.06,0.0103
45.03,0.0013
45.00,0.0193
44.97,0.0162
44.95,0.0200
44.94,0.0147
44.91,0.0034
44.89,0.0025
44.86,0.0125
44.85,0.0065
44.83,0.0102
44.79,0.0078
44.77,0.0092
44.74,0.0087
44.73,0.0009
44.69,0.0174
44.69,0.0139
44.68,0.0236
44.66,0.0093
44.65,0.0111
44.63,0.0108
44.61,0.0007
44.59,0.0008
44.54,0.0062
44.53,0.0009
44.50,0.0107
44.49,0.0008
44.47,0.0174
44.43,0.0181
44.42,0.0340
44.40,0.0228
44.37,0.0116
44.36,0.0014
44.36,0.0059
44.32,0.0027
44.30,0.0094
44.26,0.0289
44.23,0.0077
44.20,0.0323
44.20,0.0012
44.13,0.0033
44.12,0.0161
44.09,0.0053
44.08,0.0183
44.07,0.0310
44.06,0.0410
44.03,0.0082
44.00,0.0062
43.99,0.0067
43.97,0.0146
43.96,0.0090
43.93,0.0341
43.89,0.0187
43.88,0.0179
43.85,0.0031
43.84,0.0077
43.81,0.0271
43.79,0.0235
43.77,0.0094
43.76,0.0117
43.72,0.0067
43.70,0.0603
43.67,0.0153
43.65,0.0219
43.63,0.0127
43.62,0.0077
43.59,0.0228
43.58,0.0115
43.57,0.0189
43.53,0.0031
43.52,0.0254
43.50,0.0189
43.47,0.0115
43.46,0.0008
43.44,0.0181
43.40,0.0182
43.38,0.0647
43.35,0.0007
43.34,0.0063
43.32,0.0007
43.31,0.0058
43.27,0.0024
43.26,0.0162
43.22,0.0013
43.22,0.0062
43.19,0.0157
43.18,0.0055
43.15,0.0031
43.13,0.0218
43.11,0.0100
43.08,0.0088
43.06,0.0071
43.06,0.0189
43.02,0.0021
43.01,0.0133
42.99,0.0252
42.98,0.0008
42.95,0.0042
42.92,0.0095
42.90,0.0080
42.86,0.0031
42.85,0.0219
42.84,0.0092
42.82,0.0065
42.78,0.0066
42.76,0.0065
42.73,0.0057
42.70,0.0061
42.68,0.0161
42.65,0.0025
42.61,0.0097
42.61,0.0069
42.59,0.0185
42.55,0.0238
42.54,0.0052
42.52,0.0051
42.51,0.0014
42.49,0.0144
42.47,0.0094
42.45,0.0027
42.44,0.0099
42.40,0.0068
42.39,0.0035
42.36,0.0023
42.34,0.0047
42.33,0.0046
42.30,0.0034
42.26,0.0068
42.25,0.0038
42.24,0.0108
42.20,0.0130
42.18,0.0026
42.18,0.0095
42.16,0.0035
42.13,0.0058
42.10,0.0012
42.08,0.0059
42.06,0.0041
42.04,0.0193
42.03,0.0038
41.97,0.0053
41.97,0.0094
41.96,0.0015
41.94,0.0011
41.88,0.0169
41.84,0.0119
41.83,0.0171
41.83,0.0102
41.81,0.0149
41.80,0.0069
41.78,0.0208
41.75,0.0006
41.73,0.0145
41.72,0.0037
41.70,0.0069
41.67,0.0093
41.64,0.0039
41.64,0.0011
41.61,0.0045
41.60,0.0014
41.58,0.0085
41.57,0.0018
41.54,0.0076
41.52,0.0139
41.50,0.0095
41.49,0.0020
41.46,0.0173
41.43,0.0139
41.41,0.0052
41.40,0.0038
41.40,0.0172
41.38,0.0026
41.36,0.0059
41.35,0.0102
41.35,0.0129
41.32,0.0141
41.32,0.0074
41.28,0.0091
41.24,0.0007
41.21,0.0194
41.18,0.0037
41.16,0.0092
41.16,0.0155
41.15,0.0237
41.13,0.0039
41.11,0.0039
41.10,0.0057
41.08,0.0089
41.04,0.0066
41.03,0.0063
41.01,0.0056
40.99,0.0086
40.95,0.0031
40.93,0.0106
40.92,0.0030
40.92,0.0236
40.88,0.0035
40.85,0.0105
40.83,0.0280
40.82,0.0012
40.80,0.0085
40.78,0.0042
40.77,0.0091
40.73,0.0257
40.71,0.0149
40.68,0.0064
40.66,0.0081
40.64,0.0033
40.60,0.0030
40.58,0.0084
40.56,0.0033
40.55,0.0064
40.52,0.0024
40.52,0.0198
40.50,0.0004
40.48,0.0106
40.47,0.0051
40.42,0.0198
40.40,0.0077
40.38,0.0032
40.36,0.0022
40.36,0.0035
40.35,0.0193
40.33,0.0050
40.31,0.0011
40.28,0.0047
40.27,0.0132
40.25,0.0215
40.22,0.0174
40.20,0.0028
40.18,0.0091
40.17,0.0032
40.16,0.0023
40.13,0.0180
40.12,0.0227
40.09,0.0007
40.06,0.0095
40.04,0.0107
40.01,0.0109
40.00,0.0022
39.98,0.0062
39.96,0.0050
39.93,0.0021
39.92,0.0040
39.90,0.0009
39.90,0.0091
39.86,0.0012
39.84,0.0159
39.79,0.0031
39.75,0.0114
39.75,0.0188
39.74,0.0008
39.71,0.0028
39.69,0.0082
39.66,0.0039
39.61,0.0088
39.59,0.0068
39.58,0.0141
39.55,0.0047
39.54,0.0033
39.52,0.0045
39.51,0.0031
39.48,0.0061
39.46,0.0016
39.45,0.0016
39.44,0.0063
39.41,0.0012
39.41,0.0081
39.38,0.0082
39.37,0.0091
39.36,0.0042
39.34,0.0024
39.31,0.0120
39.29,0.0216
39.27,0.0025
39.23,0.0299
39.22,0.0119
39.20,0.0083
39.18,0.0017
39.14,0.0031
39.12,0.0030
39.11,0.0066
39.10,0.0009
39.08,0.0179
39.07,0.0062
39.06,0.0119
39.04,0.0141
39.00,0.0004
38.98,0.0018
38.95,0.0070
38.91,0.0040
38.90,0.0054
38.88,0.0134
38.84,0.0004
38.81,0.0061
38.80,0.0034
38.79,0.0091
38.78,0.0051
38.76,0.0167
38.74,0.0139
38.71,0.0055
38.71,0.0020
38.70,0.0011
38.68,0.0020
38.66,0.0037
38.64,0.0168
38.63,0.0120
38.60,0.0055
38.60,0.0082
38.58,0.0011
38.56,0.0078
38.54,0.0049
38.51,0.0027
38.50,0.0187
38.49,0.0023
38.43,0.0052
38.42,0.0031
38.40,0.0101
38.38,0.0069
38.35,0.0024
38.33,0.0050
38.33,0.0064
38.31,0.0165
38.29,0.0024
38.25,0.0151
38.24,0.0021
38.21,0.0063
38.21,0.0148
38.18,0.0042
38.17,0.0112
38.17,0.0013
38.14,0.0037
38.10,0.0025
38.09,0.0015
38.08,0.0024
38.06,0.0045
38.04,0.0046
38.03,0.0023
38.01,0.0017
37.99,0.0027
37.97,0.0012
37.96,0.0025
37.95,0.0023
37.93,0.0091
37.92,0.0029
37.90,0.0145
37.87,0.0017
37.87,0.0007
37.85,0.0039
37.83,0.0048
37.82,0.0017
37.79,0.0104
37.78,0.0024
37.76,0.0080
37.75,0.0080
37.71,0.0027
37.69,0.0019
37.68,0.0068
37.67,0.0168
37.66,0.0011
37.64,0.0105
37.60,0.0066
37.60,0.0013
37.59,0.0033
37.59,0.0102
37.57,0.0116
37.53,0.0038
37.51,0.0111
37.49,0.0027
37.47,0.0042
37.47,0.0044
37.45,0.0066
37.43,0.0024
37.41,0.0039
37.39,0.0067
37.35,0.0025
37.33,0.0007
37.31,0.0006
37.29,0.0093
37.27,0.0077
37.23,0.0113
37.21,0.0033
37.20,0.0086
37.18,0.0012
37.17,0.0030
37.15,0.0001
37.13,0.0080
37.07,0.0049
37.06,0.0013
37.04,0.0043
37.03,0.0020
37.01,0.0049
37.00,0.0031
36.98,0.0065
36.98,0.0023
36.96,0.0220
36.94,0.0003
36.91,0.0145
36.90,0.0027
36.88,0.0017
36.86,0.0039
36.83,0.0011
36.78,0.0020
36.77,0.0032
36.76,0.0004
36.76,0.0131
36.74,0.0075
36.72,0.0044
36.71,0.0172
36.68,0.0078
36.65,0.0038
36.64,0.0116
36.61,0.0169
36.56,0.0042
36.54,0.0091
36.52,0.0024
36.50,0.0010
36.47,0.0040
36.46,0.0086
36.43,0.0040
36.42,0.0123
36.36,0.0169
36.35,0.0074
36.34,0.0101
36.33,0.0097
36.32,0.0126
36.30,0.0025
36.29,0.0074
36.26,0.0086
36.23,0.0091
36.21,0.0324
36.19,0.0012
36.18,0.0017
36.17,0.0056
36.14,0.0072
36.13,0.0071
36.11,0.0008
36.08,0.0089
36.07,0.0032
36.06,0.0111
36.04,0.0057
36.03,0.0139
36.01,0.0129
36.00,0.0032
36.00,0.0006
35.96,0.0011
35.94,0.0049
35.92,0.0186
35.91,0.0049
35.86,0.0023
35.86,0.0099
35.85,0.0012
35.82,0.0020
35.81,0.0053
35.78,0.0090
35.75,0.0053
35.75,0.0016
35.74,0.0040
35.71,0.0036
35.70,0.0056
35.69,0.0135
35.66,0.0015
35.65,0.0034
35.63,0.0167
35.61,0.0020
35.59,0.0251
35.57,0.0034
35.55,0.0041
35.54,0.0052
35.53,0.0034
35.49,0.0146
35.48,0.0058
35.47,0.0183
35.45,0.0045
35.43,0.0023
35.41,0.0030
35.40,0.0007
35.38,0.0019
35.37,0.0050
35.35,0.0028
35.33,0.0146
35.32,0.0159
35.29,0.0037
35.27,0.0003
35.27,0.0032
35.23,0.0064
35.21,0.0023
35.20,0.0067
35.19,0.0031
35.16,0.0194
35.15,0.0020
35.13,0.0109
35.11,0.0047
35.10,0.0236
35.08,0.0079
35.08,0.0034
35.05,0.0026
35.05,0.0040
35.03,0.0058
35.02,0.0051
35.00,0.0006
34.99,0.0015
34.98,0.0031
34.95,0.0037
34.95,0.0165
34.93,0.0020
34.91,0.0023
34.90,0.0054
34.87,0.0003
34.83,0.0061
34.82,0.0023
34.81,0.0198
34.78,0.0033
34.76,0.0038
34.75,0.0034
34.72,0.0076
34.71,0.0071
34.71,0.0081
34.68,0.0010
34.66,0.0099
34.65,0.0123
34.63,0.0017
34.62,0.0086
34.61,0.0030
34.59,0.0002
34.56,0.0041
34.55,0.0104
34.52,0.0022
34.51,0.0022
34.49,0.0103
34.49,0.0137
34.48,0.0309
34.47,0.0024
34.45,0.0008
34.41,0.0012
34.39,0.0061
34.38,0.0022
34.37,0.0022
34.33,0.0089
34.31,0.0003
34.30,0.0019
34.30,0.0057
34.28,0.0025
34.24,0.0058
34.23,0.0046
34.19,0.0003
34.18,0.0067
34.16,0.0018
34.15,0.0036
34.12,0.0068
34.11,0.0153
34.10,0.0022
34.08,0.0034
34.06,0.0056
34.03,0.0007
34.01,0.0085
34.00,0.0023
33.98,0.0076
33.97,0.0053
33.95,0.0042
33.93,0.0029
33.90,0.0094
33.90,0.0046
33.88,0.0055
33.86,0.0013
33.85,0.0010
33.84,0.0016
33.83,0.0017
33.82,0.0022
33.78,0.0150
33.75,0.0029
33.75,0.0189
33.72,0.0045
33.71,0.0005
33.69,0.0061
33.68,0.0129
33.67,0.0073
33.65,0.0037
33.63,0.0145
33.61,0.0080
33.58,0.0038
33.57,0.0080
33.56,0.0023
33.54,0.0112
33.54,0.0030
33.52,0.0019
33.51,0.0029
33.48,0.0044
33.46,0.0056
33.45,0.0098
33.44,0.0009
33.41,0.0007
33.39,0.0015
33.38,0.0018
33.38,0.0058
33.36,0.0103
33.34,0.0019
33.33,0.0009
33.32,0.0041
33.30,0.0061
33.28,0.0004
33.27,0.0045
33.24,0.0000
33.23,0.0023
33.21,0.0010
33.20,0.0023
33.19,0.0189
33.17,0.0078
33.16,0.0023
33.15,0.0024
33.14,0.0089
33.13,0.0047
33.13,0.0029
33.11,0.0046
33.10,0.0018
33.08,0.0047
33.07,0.0102
33.06,0.0081
33.04,0.0027
33.02,0.0092
33.02,0.0134
32.99,0.0004
32.99,0.0067
32.97,0.0026
32.95,0.0059
32.95,0.0058
32.93,0.0006
32.92,0.0065
32.87,0.0024
32.86,0.0031
32.84,0.0120
32.81,0.0105
32.80,0.0010
32.78,0.0008
32.77,0.0043
32.77,0.0041
32.75,0.0017
32.73,0.0049
32.71,0.0011
32.70,0.0026
32.69,0.0048
32.67,0.0028
32.66,0.0054
32.64,0.0106
32.64,0.0001
32.62,0.0020
32.60,0.0085
32.58,0.0055
32.57,0.0067
32.54,0.0018
32.52,0.0018
32.51,0.0032
32.51,0.0017
32.49,0.0100
32.47,0.0036
32.45,0.0068
32.44,0.0006
32.42,0.0056
32.41,0.0021
32.39,0.0001
32.38,0.0014
32.35,0.0061
32.34,0.0006
32.33,0.0027
32.31,0.0080
32.30,0.0081
32.29,0.0055
32.27,0.0029
32.23,0.0044
32.22,0.0008
32.20,0.0046
32.19,0.0011
32.16,0.0014
32.15,0.0019
32.14,0.0006
32.13,0.0021
32.11,0.0027
32.10,0.0028
32.09,0.0017
32.07,0.0036
32.06,0.0026
32.05,0.0027
32.03,0.0037
32.02,0.0007
32.00,0.0011
31.98,0.0021
31.96,0.0067
31.96,0.0082
31.95,0.0059
31.93,0.0020
31.90,0.0156
31.89,0.0022
31.88,0.0111
31.87,0.0022
31.85,0.0024
31.83,0.0005
31.82,0.0139
31.81,0.0008
31.80,0.0010
31.78,0.0059
31.75,0.0013
31.74,0.0189
31.73,0.0013
31.73,0.0002
31.71,0.0041
31.70,0.0085
31.69,0.0141
31.65,0.0101
31.64,0.0127
31.63,0.0093
31.62,0.0028
31.61,0.0018
31.59,0.0045
31.59,0.0059
31.57,0.0023
31.55,0.0054
31.53,0.0066
31.51,0.0014
31.51,0.0050
31.50,0.0052
31.48,0.0011
31.47,0.0096
31.46,0.0003
31.43,0.0008
31.41,0.0052
31.40,0.0002
31.39,0.0013
31.37,0.0035
31.36,0.0070
31.35,0.0077
31.32,0.0051
31.29,0.0043
31.29,0.0034
31.28,0.0082
31.26,0.0045
31.25,0.0060
31.21,0.0021
31.21,0.0024
31.19,0.0023
31.16,0.0016
31.13,0.0020
31.11,0.0087
31.10,0.0014
31.08,0.0041
31.08,0.0147
31.07,0.0024
31.06,0.0043
31.04,0.0037
31.02,0.0040
31.02,0.0033
31.00,0.0061
31.00,0.0047
30.99,0.0013
30.98,0.0042
30.97,0.0065
30.95,0.0028
30.94,0.0008
30.93,0.0012
30.91,0.0019
30.90,0.0071
30.89,0.0066
30.87,0.0037
30.84,0.0018
30.83,0.0036
30.81,0.0041
30.80,0.0115
30.76,0.0069
30.75,0.0050
30.73,0.0040
30.72,0.0030
30.71,0.0036
30.70,0.0011
30.68,0.0089
30.67,0.0039
30.65,0.0202
30.64,0.0184
30.63,0.0009
30.62,0.0013
30.59,0.0012
30.58,0.0011
30.57,0.0014
30.54,0.0072
30.52,0.0016
30.51,0.0048
30.50,0.0009
30.48,0.0030
30.47,0.0026
30.46,0.0027
30.45,0.0023
30.42,0.0092
30.40,0.0019
30.38,0.0025
30.37,0.0029
30.36,0.0020
30.33,0.0039
30.32,0.0182
30.31,0.0046
30.31,0.0029
30.28,0.0051
30.27,0.0015
30.26,0.0003
30.25,0.0037
30.24,0.0039
30.22,0.0013
30.21,0.0017
30.20,0.0027
30.18,0.0039
30.17,0.0035
30.13,0.0040
30.12,0.0031
30.10,0.0028
30.10,0.0003
30.09,0.0009
30.06,0.0009
30.05,0.0035
30.04,0.0070
30.02,0.0034
30.01,0.0044
30.00,0.0034
29.97,0.0072
29.96,0.0010
29.94,0.0023
29.93,0.0005
29.90,0.0057
29.89,0.0020
29.88,0.0032
29.86,0.0057
29.83,0.0046
29.83,0.0064
29.82,0.0034
29.80,0.0033
29.79,0.0010
29.78,0.0067
29.78,0.0029
29.76,0.0015
29.73,0.0014
29.72,0.0052
29.71,0.0002
29.68,0.0002
29.65,0.0074
29.64,0.0070
29.61,0.0022
29.59,0.0049
29.58,0.0052
29.55,0.0029
29.55,0.0090
29.53,0.0058
29.52,0.0011
29.50,0.0311
29.47,0.0025
29.46,0.0090
29.44,0.0021
29.41,0.0033
29.40,0.0006
29.39,0.0031
29.37,0.0082
29.36,0.0041
29.33,0.0108
29.33,0.0010
29.31,0.0032
29.29,0.0276
29.28,0.0119
29.27,0.0053
29.26,0.0038
29.25,0.0049
29.24,0.0096
29.23,0.0064
29.21,0.0056
29.19,0.0014
29.18,0.0099
29.17,0.0046
29.12,0.0017
29.11,0.0076
29.09,0.0008
29.08,0.0047
29.07,0.0038
29.05,0.0015
29.03,0.0029
29.00,0.0009
28.99,0.0035
28.98,0.0005
28.96,0.0030
28.94,0.0054
28.92,0.0034
28.90,0.0009
28.87,0.0012
28.85,0.0003
28.84,0.0197
28.82,0.0026
28.82,0.0083
28.80,0.0036
28.79,0.0049
28.78,0.0002
28.75,0.0032
28.75,0.0064
28.74,0.0083
28.73,0.0011
28.72,0.0016
28.68,0.0027
28.66,0.0065
28.65,0.0068
28.64,0.0022
28.63,0.0092
28.61,0.0072
28.60,0.0132
28.58,0.0089
28.58,0.0049
28.56,0.0153
28.54,0.0185
28.54,0.0187
28.53,0.0079
28.50,0.0044
28.49,0.0155
28.47,0.0021
28.46,0.0132
28.43,0.0013
28.41,0.0082
28.39,0.0077
28.38,0.0017
28.37,0.0062
28.35,0.0053
28.34,0.0129
28.31,0.0029
28.29,0.0063
28.25,0.0044
28.23,0.0019
28.22,0.0202
28.20,0.0017
28.17,0.0015
28.15,0.0008
28.15,0.0004
28.13,0.0052
28.12,0.0017
28.12,0.0040
28.10,0.0081
28.09,0.0069
28.06,0.0046
28.04,0.0059
28.03,0.0184
28.00,0.0045
27.98,0.0214
27.95,0.0053
27.94,0.0058
27.93,0.0019
27.91,0.0036
27.90,0.0042
27.88,0.0136
27.87,0.0048
27.85,0.0057
27.83,0.0079
27.82,0.0121
27.82,0.0029
27.79,0.0096
27.78,0.0052
27.74,0.0077
27.73,0.0016
27.71,0.0029
27.71,0.0025
27.69,0.0079
27.67,0.0083
27.67,0.0060
27.64,0.0014
27.60,0.0043
27.55,0.0155
27.55,0.0075
27.52,0.0083
27.49,0.0022
27.48,0.0099
27.46,0.0031
27.45,0.0071
27.43,0.0044
27.42,0.0058
27.41,0.0024
27.39,0.0028
27.38,0.0044
27.35,0.0044
27.33,0.0083
27.30,0.0066
27.29,0.0067
27.28,0.0066
27.27,0.0030
27.26,0.0105
27.24,0.0032
27.22,0.0127
27.20,0.0042
27.20,0.0007
27.18,0.0046
27.16,0.0004
27.15,0.0051
27.14,0.0045
27.13,0.0092
27.10,0.0043
27.07,0.0131
27.07,0.0003
27.06,0.0085
27.05,0.0019
27.02,0.0130
27.00,0.0078
26.98,0.0067
26.97,0.0112
26.95,0.0262
26.95,0.0022
26.93,0.0082
26.90,0.0056
26.87,0.0050
26.85,0.0068
26.82,0.0009
26.81,0.0004
26.80,0.0003
26.77,0.0093
26.75,0.0056
26.73,0.0147
26.72,0.0018
26.69,0.0182
26.69,0.0029
26.67,0.0068
26.66,0.0122
26.65,0.0033
26.61,0.0074
26.60,0.0032
26.60,0.0190
26.57,0.0212
26.56,0.0189
26.54,0.0118
26.53,0.0111
26.52,0.0022
26.51,0.0081
26.49,0.0074
26.48,0.0020
26.47,0.0022
26.46,0.0001
26.44,0.0152
26.44,0.0056
26.37,0.0124
26.37,0.0224
26.35,0.0012
26.34,0.0084
26.33,0.0071
26.31,0.0063
26.30,0.0012
26.30,0.0033
26.27,0.0032
26.27,0.0023
26.25,0.0015
26.22,0.0042
26.21,0.0014
26.18,0.0169
26.15,0.0034
26.13,0.0219
26.11,0.0079
26.10,0.0051
26.10,0.0005
26.08,0.0047
26.07,0.0108
26.05,0.0011
26.04,0.0026
26.01,0.0119
25.99,0.0104
25.96,0.0052
25.94,0.0047
25.93,0.0027
25.89,0.0113
25.87,0.0023
25.87,0.0020
25.85,0.0074
25.84,0.0015
25.80,0.0024
25.80,0.0043
25.78,0.0173
25.77,0.0026
25.75,0.0101
25.73,0.0070
25.71,0.0030
25.70,0.0155
25.69,0.0038
25.68,0.0218
25.67,0.0063
25.67,0.0214
25.65,0.0123
25.64,0.0056
25.63,0.0049
25.61,0.0014
25.58,0.0075
25.56,0.0021
25.55,0.0038
25.54,0.0011
25.52,0.0006
25.50,0.0015
25.47,0.0031
25.44,0.0065
25.42,0.0075
25.39,0.0022
25.38,0.0098
25.38,0.0018
25.34,0.0053
25.33,0.0265
25.31,0.0054
25.28,0.0061
25.27,0.0049
25.25,0.0071
25.24,0.0055
25.21,0.0091
25.19,0.0069
25.16,0.0048
25.16,0.0112
25.14,0.0106
25.13,0.0122
25.11,0.0064
25.08,0.0244
25.06,0.0080
25.05,0.0140
25.05,0.0046
25.02,0.0036
25.02,0.0104
25.00,0.0039
24.99,0.0024
24.98,0.0011
24.97,0.0007
24.95,0.0023
24.94,0.0018
24.92,0.0112
24.91,0.0054
24.87,0.0059
24.86,0.0059
24.86,0.0310
24.85,0.0063
24.83,0.0027
24.82,0.0153
24.81,0.0008
24.78,0.0016
24.75,0.0038
24.73,0.0200
24.72,0.0012
24.70,0.0017
24.66,0.0070
24.64,0.0102
24.60,0.0012
24.57,0.0152
24.57,0.0245
24.51,0.0021
24.50,0.0029
24.49,0.0050
24.47,0.0115
24.45,0.0046
24.44,0.0094
24.43,0.0184
24.42,0.0076
24.38,0.0058
24.37,0.0036
24.34,0.0047
24.32,0.0059
24.31,0.0125
24.28,0.0076
24.28,0.0087
24.26,0.0016
24.25,0.0017
24.25,0.0152
24.23,0.0055
24.22,0.0028
24.20,0.0063
24.18,0.0277
24.16,0.0043
24.12,0.0088
24.09,0.0289
24.09,0.0032
24.05,0.0112
24.04,0.0303
24.02,0.0012
24.00,0.0055
23.98,0.0003
23.97,0.0023
23.95,0.0054
23.93,0.0067
23.91,0.0138
23.89,0.0043
23.88,0.0163
23.82,0.0014
23.80,0.0076
23.80,0.0041
23.79,0.0044
23.76,0.0016
23.75,0.0053
23.74,0.0049
23.73,0.0028
23.73,0.0032
23.70,0.0011
23.67,0.0023
23.66,0.0092
23.65,0.0142
23.64,0.0114
23.63,0.0038
23.63,0.0078
23.62,0.0011
23.61,0.0118
23.60,0.0213
23.58,0.0028
23.56,0.0226
23.55,0.0197
23.52,0.0048
23.47,0.0010
23.46,0.0039
23.45,0.0090
23.42,0.0114
23.39,0.0034
23.38,0.0134
23.37,0.0078
23.36,0.0048
23.35,0.0074
23.32,0.0071
23.29,0.0051
23.28,0.0034
23.27,0.0065
23.26,0.0034
23.25,0.0032
23.24,0.0117
23.23,0.0099
23.21,0.0009
23.20,0.0039
23.17,0.0059
23.16,0.0041
23.15,0.0078
23.13,0.0013
23.13,0.0087
23.11,0.0108
23.08,0.0062
23.07,0.0088
23.05,0.0054
23.03,0.0040
23.01,0.0185
23.00,0.0067
23.00,0.0026
22.99,0.0173
22.96,0.0043
22.95,0.0062
22.93,0.0235
22.92,0.0008
22.90,0.0174
22.87,0.0035
22.86,0.0051
22.86,0.0096
22.84,0.0318
22.83,0.0252
22.81,0.0236
22.80,0.0374
22.78,0.0167
22.77,0.0079
22.76,0.0103
22.74,0.0105
22.74,0.0302
22.72,0.0312
22.70,0.0240
22.69,0.0058
22.68,0.0219
22.67,0.0101
22.65,0.0117
22.64,0.0179
22.62,0.0523
22.61,0.0259
22.61,0.0036
22.59,0.0078
22.59,0.0190
22.56,0.0108
22.55,0.0136
22.53,0.0050
22.52,0.0043
22.51,0.0088
22.49,0.0086
22.48,0.0096
22.46,0.0039
22.45,0.0005
22.45,0.0169
22.44,0.0019
22.42,0.0103
22.41,0.0005
22.40,0.0149
22.38,0.0518
22.35,0.0108
22.34,0.0079
22.33,0.0123
22.33,0.0044
22.30,0.0015
22.30,0.0020
22.29,0.0021
22.27,0.0161
22.26,0.0011
22.25,0.0086
22.23,0.0085
22.22,0.0011
22.21,0.0351
22.18,0.0100
22.18,0.0053
22.17,0.0050
22.15,0.0095
22.15,0.0113
22.14,0.0072
22.12,0.0015
22.12,0.0142
22.11,0.0039
22.10,0.0071
22.08,0.0232
22.08,0.0059
22.06,0.0143
22.05,0.0015
22.04,0.0245
22.03,0.0025
22.02,0.0045
22.01,0.0041
21.99,0.0138
21.99,0.0130
21.99,0.0165
21.97,0.0104
21.95,0.0027
21.95,0.0145
21.94,0.0081
21.94,0.0031
21.91,0.0035
21.89,0.0304
21.89,0.0142
21.88,0.0074
21.87,0.0121
21.86,0.0185
21.85,0.0145
21.85,0.0095
21.83,0.0016
21.81,0.0112
21.80,0.0011
21.78,0.0065
21.78,0.0121
21.77,0.0121
21.76,0.0207
21.75,0.0055
21.74,0.0181
21.72,0.0124
21.70,0.0023
21.69,0.0030
21.69,0.0026
21.66,0.0004
21.66,0.0040
21.64,0.0172
21.64,0.0061
21.63,0.0016
21.62,0.0128
21.61,0.0039
21.60,0.0014
21.60,0.0158
21.58,0.0031
21.57,0.0271
21.56,0.0318
21.55,0.0057
21.55,0.0067
21.53,0.0171
21.52,0.0043
21.51,0.0066
21.48,0.0188
21.47,0.0111
21.45,0.0033
21.44,0.0072
21.42,0.0105
21.42,0.0066
21.41,0.0054
21.40,0.0121
21.39,0.0078
21.37,0.0041
21.35,0.0020
21.34,0.0132
21.34,0.0053
21.32,0.0055
21.32,0.0017
21.31,0.0110
21.28,0.0031
21.28,0.0068
21.26,0.0025
21.26,0.0111
21.24,0.0011
21.23,0.0055
21.22,0.0029
21.21,0.0228
21.19,0.0034
21.18,0.0065
21.17,0.0091
21.15,0.0066
21.14,0.0030
21.12,0.0073
21.11,0.0073
21.10,0.0012
21.10,0.0009
21.09,0.0023
21.07,0.0009
21.07,0.0041
21.07,0.0001
21.05,0.0217
21.03,0.0026
21.02,0.0022
21.02,0.0018
21.00,0.0139
21.00,0.0078
20.98,0.0031
20.97,0.0117
20.96,0.0018
20.95,0.0047
20.94,0.0035
20.91,0.0132
20.91,0.0067
20.89,0.0028
20.89,0.0038
20.88,0.0053
20.87,0.0061
20.86,0.0040
20.86,0.0051
20.84,0.0024
20.84,0.0054
20.83,0.0016
20.81,0.0160
20.80,0.0015
20.79,0.0314
20.77,0.0109
20.76,0.0070
20.76,0.0026
20.75,0.0021
20.74,0.0030
20.73,0.0041
20.72,0.0022
20.70,0.0038
20.70,0.0015
20.69,0.0089
20.68,0.0026
20.66,0.0012
20.64,0.0066
20.64,0.0069
20.63,0.0004
20.62,0.0009
20.61,0.0034
20.59,0.0058
20.58,0.0016
20.57,0.0047
20.55,0.0168
20.54,0.0008
20.51,0.0056
20.50,0.0016
20.50,0.0084
20.48,0.0031
20.48,0.0021
20.47,0.0051
20.47,0.0070
20.45,0.0033
20.45,0.0021
20.43,0.0073
20.41,0.0100
20.40,0.0037
20.37,0.0184
20.36,0.0073
20.34,0.0103
20.33,0.0062
20.33,0.0032
20.31,0.0031
20.31,0.0057
20.29,0.0044
20.27,0.0031
20.26,0.0085
20.25,0.0051
20.24,0.0168
20.23,0.0028
20.22,0.0013
20.21,0.0049
20.19,0.0127
20.18,0.0084
20.17,0.0098
20.17,0.0068
20.17,0.0084
20.16,0.0150
20.15,0.0041
20.15,0.0101
20.14,0.0127
20.13,0.0008
20.12,0.0093
20.10,0.0033
20.09,0.0054
20.09,0.0076
20.08,0.0188
20.07,0.0016
20.06,0.0173
20.06,0.0027
20.04,0.0034
20.03,0.0081
20.01,0.0057
20.00,0.0068
19.99,0.0188
19.97,0.0154
19.96,0.0270
19.94,0.0082
19.93,0.0017
19.92,0.0031
19.91,0.0051
19.91,0.0009
19.90,0.0046
19.89,0.0039
19.88,0.0034
19.87,0.0021
19.86,0.0096
19.86,0.0053
19.84,0.0041
19.84,0.0039
19.83,0.0006
19.82,0.0001
19.81,0.0072
19.80,0.0011
19.78,0.0116
19.77,0.0038
19.76,0.0112
19.74,0.0082
19.74,0.0080
19.73,0.0055
19.72,0.0128
19.72,0.0131
19.71,0.0040
19.70,0.0015
19.69,0.0015
19.69,0.0056
19.68,0.0059
19.67,0.0121
19.66,0.0078
19.65,0.0106
19.64,0.0072
19.63,0.0033
19.63,0.0074
19.62,0.0014
19.60,0.0110
19.59,0.0086
19.59,0.0098
19.58,0.0021
19.58,0.0075
19.57,0.0060
19.56,0.0020
19.56,0.0028
19.55,0.0042
19.54,0.0030
19.53,0.0048
19.53,0.0164
19.51,0.0021
19.50,0.0014
19.49,0.0020
19.49,0.0030
19.47,0.0028
19.45,0.0081
19.44,0.0104
19.44,0.0079
19.43,0.0019
19.42,0.0022
19.42,0.0009
19.40,0.0028
19.39,0.0028
19.38,0.0017
19.37,0.0002
19.37,0.0041
19.36,0.0020
19.36,0.0088
19.34,0.0176
19.34,0.0066
19.33,0.0052
19.32,0.0005
19.32,0.0015
19.32,0.0013
19.31,0.0181
19.31,0.0036
19.30,0.0014
19.29,0.0055
19.28,0.0074
19.28,0.0019
19.27,0.0061
19.26,0.0075
19.25,0.0008
19.24,0.0018
19.23,0.0025
19.22,0.0089
19.21,0.0061
19.21,0.0010
19.20,0.0022
19.19,0.0043
19.18,0.0051
19.17,0.0091
19.16,0.0004
19.16,0.0012
19.15,0.0070
19.14,0.0116
19.13,0.0050
19.11,0.0007
19.11,0.0036
19.10,0.0007
19.08,0.0012
19.08,0.0003
19.07,0.0016
19.06,0.0054
19.06,0.0049
19.05,0.0044
19.04,0.0034
19.03,0.0032
19.03,0.0017
19.02,0.0005
19.01,0.0046
19.01,0.0051
19.00,0.0012
19.00,0.0018
18.99,0.0072
18.98,0.0009
18.97,0.0044
18.97,0.0018
18.96,0.0041
18.95,0.0056
18.94,0.0009
18.93,0.0005
18.92,0.0041
18.92,0.0007
18.91,0.0088
18.90,0.0064
18.89,0.0100
18.88,0.0021
18.86,0.0032
18.86,0.0100
18.85,0.0007
18.84,0.0062
18.83,0.0037
18.83,0.0002
18.81,0.0140
18.81,0.0089
18.80,0.0018
18.79,0.0072
18.78,0.0027
18.78,0.0071
18.77,0.0048
18.76,0.0011
18.76,0.0026
18.75,0.0095
18.75,0.0028
18.74,0.0082
18.74,0.0027
18.73,0.0126
18.72,0.0035
18.72,0.0090
18.72,0.0102
18.71,0.0013
18.70,0.0018
18.69,0.0076
18.68,0.0054
18.66,0.0100
18.66,0.0003
18.65,0.0070
18.64,0.0019
18.63,0.0043
18.63,0.0018
18.62,0.0078
18.61,0.0031
18.60,0.0103
18.59,0.0061
18.58,0.0010
18.57,0.0017
18.56,0.0002
18.56,0.0152
18.55,0.0010
18.54,0.0015
18.53,0.0035
18.52,0.0110
18.52,0.0341
18.51,0.0029
18.50,0.0140
18.49,0.0007
18.49,0.0056
18.49,0.0042
18.48,0.0003
18.46,0.0024
18.45,0.0011
18.44,0.0026
18.44,0.0031
18.43,0.0052
18.42,0.0089
18.42,0.0018
18.41,0.0011
18.41,0.0098
18.40,0.0086
18.39,0.0019
18.38,0.0024
18.38,0.0026
18.37,0.0083
18.36,0.0086
18.36,0.0055
18.35,0.0036
18.34,0.0065
18.33,0.0094
18.32,0.0045
18.31,0.0049
18.30,0.0020
18.30,0.0039
18.29,0.0020
18.28,0.0024
18.28,0.0088
18.27,0.0018
18.25,0.0012
18.25,0.0032
18.24,0.0012
18.24,0.0094
18.23,0.0010
18.22,0.0082
18.22,0.0063
18.22,0.0076
18.21,0.0040
18.20,0.0035
18.19,0.0034
18.19,0.0109
18.18,0.0068
18.18,0.0078
18.16,0.0043
18.15,0.0067
18.15,0.0387
18.13,0.0138
18.13,0.0087
18.12,0.0036
18.11,0.0031
18.09,0.0019
18.09,0.0025
18.07,0.0004
18.06,0.0063
18.05,0.0005
18.04,0.0077
18.03,0.0017
18.02,0.0014
18.02,0.0050
18.01,0.0035
18.01,0.0025
18.01,0.0048
18.00,0.0004
18.00,0.0068
17.99,0.0068
17.98,0.0186
17.97,0.0025
17.97,0.0007
17.96,0.0023
17.95,0.0055
17.94,0.0013
17.94,0.0032
17.93,0.0010
17.93,0.0037
17.91,0.0008
17.90,0.0035
17.89,0.0016
17.89,0.0004
17.88,0.0039
17.87,0.0093
17.87,0.0006
17.85,0.0026
17.85,0.0059
17.85,0.0022
17.83,0.0036
17.82,0.0065
17.82,0.0008
17.81,0.0018
17.80,0.0019
17.79,0.0056
17.78,0.0051
17.76,0.0003
17.75,0.0018
17.74,0.0028
17.74,0.0029
17.73,0.0046
17.72,0.0075
17.72,0.0016
17.71,0.0026
17.70,0.0036
17.69,0.0038
17.69,0.0022
17.68,0.0066
17.68,0.0016
17.67,0.0009
17.67,0.0041
17.66,0.0039
17.65,0.0168
17.64,0.0026
17.63,0.0072
17.62,0.0000
17.61,0.0047
17.60,0.0026
17.60,0.0014
17.59,0.0007
17.59,0.0006
17.58,0.0190
17.57,0.0136
17.56,0.0022
17.56,0.0008
17.55,0.0011
17.55,0.0119
17.53,0.0028
17.53,0.0064
17.53,0.0006
17.51,0.0005
17.49,0.0007
17.49,0.0031
17.48,0.0030
17.47,0.0009
17.46,0.0051
17.46,0.0003
17.44,0.0040
17.44,0.0030
17.42,0.0003
17.42,0.0012
17.42,0.0021
17.41,0.0027
17.40,0.0027
17.40,0.0058
17.39,0.0004
17.38,0.0019
17.37,0.0064
17.37,0.0049
17.36,0.0035
17.36,0.0039
17.35,0.0071
17.34,0.0056
17.34,0.0029
17.33,0.0001
17.33,0.0081
17.32,0.0062
17.31,0.0007
17.30,0.0051
17.30,0.0033
17.29,0.0030
17.29,0.0047
17.28,0.0045
17.27,0.0026
17.26,0.0017
17.26,0.0035
17.25,0.0113
17.25,0.0111
17.25,0.0127
17.23,0.0074
17.23,0.0007
17.22,0.0000
17.21,0.0035
17.20,0.0022
17.19,0.0096
17.18,0.0012
17.17,0.0048
17.17,0.0008
17.16,0.0040
17.16,0.0000
17.14,0.0041
17.14,0.0017
17.14,0.0048
17.13,0.0001
17.13,0.0027
17.11,0.0017
17.11,0.0036
17.11,0.0047
17.10,0.0082
17.10,0.0020
17.09,0.0010
17.09,0.0021
17.08,0.0018
17.07,0.0002
17.06,0.0004
17.04,0.0003
17.04,0.0002
17.03,0.0015
17.02,0.0046
17.01,0.0028
17.01,0.0047
16.99,0.0027
16.99,0.0061
16.98,0.0017
16.97,0.0048
16.97,0.0008
16.96,0.0017
16.95,0.0067
16.95,0.0026
16.94,0.0017
16.93,0.0019
16.93,0.0050
16.92,0.0036
16.92,0.0011
16.90,0.0035
16.90,0.0008
16.89,0.0009
16.88,0.0020
16.88,0.0041
16.87,0.0050
16.86,0.0032
16.86,0.0008
16.85,0.0063
16.84,0.0006
16.83,0.0004
16.83,0.0007
16.82,0.0050
16.82,0.0002
16.80,0.0028
16.80,0.0049
16.78,0.0004
16.78,0.0029
16.77,0.0002
16.77,0.0056
16.74,0.0027
16.74,0.0022
16.74,0.0014
16.73,0.0009
16.72,0.0005
16.72,0.0013
16.71,0.0016
16.71,0.0028
16.70,0.0001
16.70,0.0007
16.68,0.0041
16.68,0.0040
16.67,0.0001
16.66,0.0021
16.66,0.0019
16.65,0.0014
16.64,0.0011
16.64,0.0075
16.63,0.0033
16.62,0.0132
16.62,0.0037
16.61,0.0068
16.61,0.0007
16.60,0.0022
16.59,0.0035
16.59,0.0021
16.58,0.0139
16.57,0.0008
16.56,0.0087
16.55,0.0044
16.55,0.0047
16.55,0.0108
16.54,0.0068
16.52,0.0001
16.51,0.0020
16.50,0.0033
16.50,0.0046
16.49,0.0020
16.47,0.0038
16.46,0.0012
16.46,0.0036
16.45,0.0043
16.45,0.0018
16.44,0.0030
16.43,0.0041
16.42,0.0028
16.41,0.0053
16.39,0.0012
16.39,0.0007
16.38,0.0003
16.37,0.0012
16.36,0.0003
16.34,0.0009
16.33,0.0030
16.33,0.0021
16.33,0.0064
16.32,0.0023
16.31,0.0030
16.31,0.0017
16.30,0.0014
16.29,0.0011
16.28,0.0021
16.28,0.0016
16.27,0.0011
16.27,0.0019
16.25,0.0029
16.24,0.0005
16.23,0.0010
16.23,0.0019
16.21,0.0018
16.21,0.0024
16.20,0.0046
16.19,0.0001
16.19,0.0073
16.18,0.0041
16.17,0.0060
16.16,0.0010
16.16,0.0035
16.15,0.0003
16.13,0.0011
16.13,0.0013
16.12,0.0030
16.12,0.0022
16.11,0.0040
16.11,0.0042
16.10,0.0036
16.10,0.0041
16.09,0.0085
16.08,0.0102
16.08,0.0034
16.06,0.0017
16.06,0.0009
16.05,0.0005
16.04,0.0089
16.03,0.0003
16.03,0.0014
16.02,0.0018
16.01,0.0016
16.00,0.0016
15.99,0.0011
15.98,0.0025
15.98,0.0060
15.97,0.0015
15.97,0.0029
15.96,0.0013
15.95,0.0029
15.95,0.0026
15.94,0.0030
15.93,0.0007
15.92,0.0003
15.91,0.0042
15.91,0.0025
15.89,0.0028
15.89,0.0034
15.88,0.0013
15.87,0.0060
15.86,0.0016
15.86,0.0041
15.85,0.0047
15.85,0.0007
15.84,0.0029
15.83,0.0218
15.82,0.0002
15.82,0.0032
15.81,0.0020
15.80,0.0049
15.79,0.0014
15.79,0.0031
15.77,0.0069
15.77,0.0044
15.76,0.0012
15.75,0.0013
15.75,0.0055
15.73,0.0005
15.73,0.0035
15.72,0.0099
15.71,0.0022
15.71,0.0037
15.70,0.0007
15.70,0.0021
15.69,0.0007
15.69,0.0007
15.68,0.0019
15.68,0.0014
15.67,0.0003
15.66,0.0036
15.65,0.0016
15.65,0.0043
15.64,0.0014
15.63,0.0039
15.63,0.0059
15.62,0.0012
15.62,0.0029
15.61,0.0046
15.60,0.0009
15.59,0.0014
15.58,0.0080
15.57,0.0010
15.57,0.0012
15.56,0.0035
15.56,0.0012
15.55,0.0016
15.55,0.0004
15.54,0.0006
15.53,0.0008
15.52,0.0042
15.51,0.0027
15.50,0.0026
15.50,0.0022
15.49,0.0025
15.48,0.0008
15.46,0.0015
15.46,0.0003
15.45,0.0016
15.45,0.0016
15.44,0.0018
15.42,0.0005
15.42,0.0025
15.41,0.0108
15.41,0.0031
15.40,0.0024
15.40,0.0021
15.39,0.0060
15.38,0.0013
15.37,0.0048
15.35,0.0041
15.34,0.0004
15.33,0.0024
15.33,0.0009
15.32,0.0045
15.31,0.0075
15.30,0.0030
15.29,0.0057
15.28,0.0035
15.28,0.0024
15.27,0.0002
15.26,0.0030
15.26,0.0075
15.26,0.0011
15.25,0.0017
15.25,0.0004
15.24,0.0025
15.22,0.0116
15.21,0.0045
15.20,0.0013
15.19,0.0006
15.19,0.0008
15.18,0.0036
15.18,0.0053
15.16,0.0022
15.16,0.0011
15.15,0.0018
15.15,0.0007
15.14,0.0014
15.14,0.0092
15.13,0.0056
15.13,0.0068
15.12,0.0074
15.11,0.0008
15.11,0.0015
15.10,0.0008
15.09,0.0037
15.09,0.0016
15.08,0.0018
15.08,0.0014
15.07,0.0010
15.06,0.0014
15.04,0.0102
15.04,0.0065
15.04,0.0091
15.03,0.0044
15.03,0.0069
15.02,0.0069
15.02,0.0065
15.01,0.0010
15.01,0.0007
15.00,0.0074
14.99,0.0013
14.98,0.0009
14.96,0.0027
14.95,0.0002
14.95,0.0018
14.95,0.0004
14.94,0.0058
14.93,0.0048
14.91,0.0100
14.90,0.0002
14.89,0.0010
14.88,0.0009
14.87,0.0082
14.87,0.0008
14.86,0.0005
14.85,0.0103
14.83,0.0023
14.83,0.0011
14.81,0.0015
14.79,0.0025
14.79,0.0045
14.78,0.0035
14.76,0.0022
14.76,0.0008
14.75,0.0011
14.75,0.0004
14.74,0.0012
14.74,0.0019
14.73,0.0019
14.72,0.0036
14.71,0.0015
14.70,0.0048
14.69,0.0013
14.68,0.0035
14.68,0.0046
14.66,0.0011
14.66,0.0025
14.65,0.0035
14.64,0.0063
14.63,0.0001
14.63,0.0016
14.62,0.0041
14.61,0.0007
14.61,0.0013
14.61,0.0014
14.60,0.0018
14.59,0.0018
14.59,0.0022
14.59,0.0029
14.57,0.0036
14.57,0.0015
14.56,0.0060
14.55,0.0025
14.55,0.0047
14.53,0.0020
14.53,0.0022
14.52,0.0020
14.52,0.0025
14.51,0.0025
14.50,0.0072
14.50,0.0007
14.49,0.0127
14.49,0.0092
14.47,0.0060
14.46,0.0033
14.45,0.0049
14.45,0.0066
14.43,0.0069
14.43,0.0041
14.43,0.0048
14.42,0.0015
14.42,0.0038
14.42,0.0024
14.41,0.0014
14.40,0.0002
14.39,0.0073
14.39,0.0031
14.37,0.0077
14.37,0.0096
14.36,0.0036
14.35,0.0005
14.34,0.0004
14.33,0.0054
14.33,0.0061
14.32,0.0021
14.31,0.0045
14.31,0.0003
14.29,0.0001
14.28,0.0008
14.28,0.0003
14.27,0.0025
14.26,0.0027
14.25,0.0018
14.24,0.0045
14.24,0.0066
14.24,0.0003
14.23,0.0073
14.21,0.0047
14.21,0.0117
14.20,0.0015
14.19,0.0159
14.19,0.0008
14.18,0.0013
14.18,0.0009
14.17,0.0026
14.16,0.0254
14.16,0.0109
14.16,0.0157
14.15,0.0307
14.15,0.0076
14.14,0.0096
14.14,0.0380
14.13,0.0084
14.12,0.0224
14.12,0.0001
14.11,0.0121
14.10,0.0232
14.09,0.0374
14.08,0.0193
14.07,0.0008
14.05,0.0013
14.05,0.0048
14.05,0.0052
14.04,0.0028
14.03,0.0105
14.02,0.0029
14.01,0.0099
14.00,0.0071
13.99,0.0019
13.99,0.0126
13.99,0.0243
13.98,0.0046
13.98,0.0031
13.98,0.0332
13.96,0.0052
13.96,0.0059
13.96,0.0121
13.95,0.0084
13.94,0.0077
13.94,0.0261
13.93,0.0119
13.91,0.0035
13.90,0.0019
13.89,0.0045
13.89,0.0108
13.87,0.0017
13.87,0.0067
13.86,0.0048
13.85,0.0082
13.85,0.0029
13.83,0.0034
13.83,0.0038
13.82,0.0127
13.82,0.0068
13.81,0.0076
13.81,0.0056
13.80,0.0075
13.79,0.0444
13.78,0.0375
13.77,0.0134
13.75,0.0190
13.75,0.0032
13.74,0.0064
13.73,0.0173
13.72,0.0044
13.71,0.0008
13.71,0.0048
13.71,0.0176
13.70,0.0089
13.70,0.0141
13.69,0.0461
13.68,0.0440
13.67,0.0112
13.65,0.0157
13.65,0.0033
13.64,0.0016
13.64,0.0073
13.63,0.0027
13.63,0.0103
13.62,0.0037
13.61,0.0152
13.61,0.0058
13.60,0.0213
13.59,0.0046
13.59,0.0032
13.58,0.0079
13.58,0.0033
13.57,0.0002
13.56,0.0096
13.56,0.0016
13.55,0.0084
13.54,0.0106
13.54,0.0019
13.53,0.0014
13.52,0.0065
13.52,0.0003
13.51,0.0005
13.51,0.0077
13.50,0.0177
13.49,0.0123
13.48,0.0003
13.47,0.0101
13.47,0.0019
13.46,0.0079
13.46,0.0168
13.45,0.0279
13.45,0.0043
13.45,0.0359
13.44,0.0023
13.42,0.0058
13.42,0.0039
13.42,0.0174
13.41,0.0010
13.41,0.0427
13.40,0.0031
13.40,0.0078
13.39,0.0075
13.38,0.0417
13.36,0.0060
13.34,0.0029
13.34,0.0116
13.34,0.0130
13.33,0.0021
13.32,0.0036
13.32,0.0074
13.32,0.0022
13.31,0.0038
13.30,0.0200
13.30,0.0032
13.30,0.0048
13.29,0.0065
13.29,0.0013
13.28,0.0015
13.27,0.0038
13.27,0.0064
13.27,0.0189
13.26,0.0010
13.25,0.0050
13.25,0.0165
13.24,0.0076
13.24,0.0071
13.23,0.0015
13.23,0.0006
13.22,0.0004
13.22,0.0120
13.21,0.0191
13.20,0.0048
13.19,0.0016
13.19,0.0107
13.18,0.0088
13.18,0.0030
13.17,0.0067
13.17,0.0072
13.17,0.0052
13.16,0.0071
13.16,0.0020
13.16,0.0027
13.15,0.0077
13.15,0.0456
13.14,0.0096
13.13,0.0038
13.12,0.0064
13.11,0.0007
13.11,0.0009
13.10,0.0077
13.09,0.0059
13.09,0.0016
13.08,0.0042
13.08,0.0023
13.08,0.0203
13.07,0.0003
13.07,0.0134
13.06,0.0054
13.05,0.0037
13.05,0.0024
13.04,0.0058
13.04,0.0030
13.03,0.0025
13.03,0.0051
13.03,0.0058
13.03,0.0041
13.02,0.0042
13.01,0.0125
13.00,0.0003
13.00,0.0037
13.00,0.0114
12.99,0.0018
12.99,0.0025
12.98,0.0046
12.98,0.0009
12.97,0.0106
12.97,0.0029
12.96,0.0044
12.96,0.0042
12.95,0.0058
12.95,0.0058
12.93,0.0003
12.93,0.0040
12.93,0.0054
12.92,0.0010
12.92,0.0009
12.92,0.0024
12.91,0.0061
12.90,0.0040
12.90,0.0161
12.89,0.0098
12.88,0.0053
12.87,0.0011
12.87,0.0048
12.87,0.0002
12.86,0.0152
12.86,0.0066
12.86,0.0079
12.84,0.0165
12.83,0.0127
12.82,0.0055
12.82,0.0050
12.81,0.0020
12.81,0.0018
12.80,0.0032
12.79,0.0059
12.78,0.0040
12.78,0.0012
12.77,0.0072
12.76,0.0035
12.76,0.0107
12.75,0.0006
12.74,0.0030
12.74,0.0011
12.73,0.0050
12.73,0.0090
12.72,0.0108
12.71,0.0090
12.70,0.0174
12.70,0.0019
12.69,0.0045
12.69,0.0034
12.68,0.0144
12.67,0.0124
12.67,0.0061
12.66,0.0063
12.65,0.0043
12.65,0.0010
12.64,0.0038
12.64,0.0180
12.63,0.0010
12.62,0.0014
12.61,0.0010
12.60,0.0035
12.60,0.0036
12.59,0.0066
12.59,0.0097
12.58,0.0173
12.56,0.0081
12.56,0.0105
12.55,0.0002
12.55,0.0214
12.53,0.0030
12.52,0.0022
12.52,0.0015
12.51,0.0015
12.50,0.0023
12.49,0.0009
12.47,0.0363
12.47,0.0069
12.47,0.0056
12.45,0.0330
12.45,0.0068
12.44,0.0042
12.43,0.0229
12.43,0.0139
12.43,0.0033
12.41,0.0048
12.40,0.0009
12.40,0.0005
12.39,0.0074
12.38,0.0224
12.37,0.0138
12.37,0.0007
12.36,0.0002
12.36,0.0029
12.35,0.0023
12.34,0.0007
12.33,0.0013
12.32,0.0003
12.32,0.0029
12.32,0.0023
12.31,0.0098
12.31,0.0050
12.31,0.0047
12.30,0.0357
12.30,0.0026
12.29,0.0069
12.28,0.0133
12.27,0.0056
12.26,0.0023
12.26,0.0005
12.25,0.0040
12.24,0.0007
12.24,0.0229
12.22,0.0036
12.21,0.0077
12.20,0.0011
12.19,0.0055
12.17,0.0028
12.15,0.0106
12.14,0.0043
12.12,0.0007
12.11,0.0014
12.11,0.0047
12.10,0.0013
12.09,0.0028
12.08,0.0052
12.07,0.0018
12.06,0.0111
12.04,0.0050
12.03,0.0022
12.03,0.0312
12.02,0.0043
12.01,0.0003
12.00,0.0033
12.00,0.0018
11.99,0.0224
11.98,0.0168
11.98,0.0083
11.96,0.0077
11.96,0.0002
11.94,0.0022
11.94,0.0016
11.93,0.0014
11.93,0.0042
11.92,0.0003
11.89,0.0017
11.89,0.0012
11.88,0.0077
11.87,0.0014
11.84,0.0016
11.81,0.0038
11.80,0.0021
11.79,0.0071
11.74,0.0003
11.74,0.0005
11.73,0.0025
11.72,0.0018
11.70,0.0004
11.69,0.0056
11.68,0.0028
11.68,0.0027
11.62,0.0063
11.60,0.0012
11.59,0.0015
11.58,0.0016
11.57,0.0162
11.56,0.0025
11.56,0.0009
11.55,0.0015
11.53,0.0006
11.52,0.0004
11.51,0.0004
11.48,0.0054
11.47,0.0018
11.45,0.0171
11.44,0.0021
11.44,0.0005
11.42,0.0010
11.41,0.0004
11.40,0.0006
11.39,0.0008
11.37,0.0050
11.34,0.0017
11.34,0.0007
11.32,0.0015
11.31,0.0027
11.31,0.0009
11.29,0.0878
11.28,0.0011
11.27,0.0330
11.24,0.0007
11.21,0.0012
11.19,0.0160
11.19,0.0028
11.15,0.0011
11.14,0.0004
11.13,0.0002
11.12,0.0011
11.09,0.0012
11.08,0.0010
11.07,0.0126
11.05,0.0066
10.99,0.0103
10.97,0.0002
10.94,0.0054
10.93,0.0019
10.86,0.0037
10.84,0.0030
10.82,0.0497
10.81,0.0591
10.80,0.0015
10.79,0.0072
10.78,0.0056
10.77,0.0024
10.72,0.0153
10.71,0.0066
10.66,0.0007
10.65,0.0017
10.64,0.0064
10.62,0.0016
10.61,0.0001
10.58,0.0002
10.53,0.0011
10.48,0.0011
10.42,0.0002
10.39,0.0008
10.38,0.0004
10.20,0.0000
10.13,0.0016
10.00,0.0012
9.99,0.0005
9.97,0.0007
9.77,0.0002
9.57,0.0000
9.44,0.0013
