210.27,0.0016
162.81,0.1142
150.94,0.0188
147.09,0.0051
144.53,0.0104
142.67,0.0249
139.98,0.0013
138.08,0.0215
135.35,0.0232
132.80,0.0338
132.15,0.0679
130.64,0.0221
129.52,0.0137
129.27,0.0257
127.61,0.0208
126.52,0.0386
125.45,0.0534
123.68,0.0140
121.20,0.0379
120.81,0.0078
120.32,0.0129
119.74,0.0131
117.97,0.0351
117.29,0.0682
116.35,0.0155
116.22,0.0606
114.09,0.0308
113.70,0.0367
112.60,0.0353
112.31,0.0037
112.12,0.0380
111.67,0.0082
111.06,0.0689
110.56,0.0141
110.25,0.0111
110.07,0.0139
109.56,0.0505
108.78,0.0109
108.49,0.0628
108.28,0.0261
107.85,0.0862
107.09,0.0538
106.83,0.0402
106.37,0.0303
105.63,0.0111
105.35,0.0333
104.99,0.0216
104.64,0.0275
103.85,0.0035
103.71,0.0195
102.85,0.0183
102.66,0.0254
102.39,0.0165
102.06,0.0220
101.26,0.0664
101.19,0.0204
101.11,0.0526
100.37,0.0118
100.28,0.0193
99.56,0.0181
99.15,0.0028
99.04,0.0518
98.83,0.0185
98.31,0.0418
98.15,0.0152
97.92,0.0135
97.91,0.0049
97.80,0.0480
97.29,0.0150
96.98,0.0245
96.63,0.0711
96.47,0.0466
96.19,0.0220
96.13,0.0128
95.76,0.0741
95.38,0.0421
95.20,0.0629
94.83,0.0013
94.59,0.0233
94.22,0.0476
94.09,0.0554
94.04,0.0109
93.81,0.0036
93.68,0.0050
93.28,0.0426
92.96,0.0084
92.29,0.0221
92.18,0.0156
91.95,0.0239
91.89,0.0397
91.40,0.0535
91.27,0.0431
91.10,0.0411
90.73,0.0433
90.53,0.0060
90.32,0.0111
90.15,0.0323
89.92,0.0162
89.66,0.0075
89.48,0.0435
89.39,0.0071
89.23,0.0248
89.07,0.0352
88.76,0.0085
88.63,0.0424
88.47,0.0457
88.33,0.0020
88.11,0.0314
87.91,0.0066
87.73,0.0060
87.61,0.0141
87.45,0.0397
87.07,0.0053
86.97,0.0408
86.88,0.1071
86.76,0.0391
86.59,0.0234
86.47,0.0826
86.24,0.0086
86.01,0.0293
85.91,0.0526
85.76,0.0345
85.63,0.0490
85.54,0.0088
85.37,0.0046
85.17,0.0243
84.82,0.0177
84.81,0.0096
84.71,0.0729
84.60,0.0495
84.46,0.0198
84.30,0.0195
83.93,0.0173
83.83,0.0172
83.64,0.0108
83.47,0.0028
83.32,0.0339
83.21,0.0837
83.00,0.0299
82.88,0.0057
82.78,0.0089
82.71,0.0092
82.58,0.0210
82.49,0.0043
82.26,0.0510
82.16,0.0187
82.14,0.0041
82.00,0.0038
81.78,0.0174
81.76,0.0049
81.47,0.0687
81.38,0.0034
81.27,0.0861
81.06,0.0195
80.98,0.0246
80.91,0.0114
80.67,0.0023
80.63,0.0039
80.52,0.0282
80.39,0.0302
80.19,0.0761
80.05,0.0404
79.96,0.0153
79.87,0.0091
79.73,0.0171
79.62,0.0126
79.46,0.0378
79.44,0.0530
79.36,0.0040
79.10,0.0516
79.05,0.1078
78.96,0.0045
78.79,0.0380
78.74,0.0124
78.65,0.0602
78.53,0.0069
78.38,0.0170
78.30,0.0552
78.17,0.0405
78.13,0.0027
78.02,0.0180
77.93,0.0174
77.80,0.0379
77.54,0.0879
77.47,0.0466
77.34,0.0095
77.26,0.0092
77.15,0.0040
77.10,0.0693
77.00,0.0306
76.93,0.0620
76.81,0.0299
76.71,0.0060
76.58,0.0915
76.51,0.0029
76.29,0.0190
76.24,0.0715
76.17,0.0017
76.00,0.0897
75.94,0.0025
75.84,0.0376
75.80,0.0055
75.73,0.0170
75.61,0.0073
75.50,0.0275
75.42,0.0076
75.37,0.0221
75.23,0.0824
75.15,0.0237
75.06,0.0601
74.88,0.0232
74.85,0.0044
74.77,0.0107
74.64,0.0192
74.54,0.0269
74.47,0.0054
74.33,0.0024
74.25,0.0119
74.17,0.0046
74.08,0.0458
73.93,0.0165
73.90,0.0144
73.83,0.0005
73.68,0.0036
73.64,0.0142
73.55,0.0141
73.42,0.0287
73.35,0.0286
73.30,0.0084
73.17,0.0394
73.10,0.0077
73.03,0.0135
72.96,0.0163
72.90,0.0040
72.79,0.0250
72.74,0.0225
72.64,0.0299
72.56,0.0607
72.42,0.0102
72.33,0.0072
72.22,0.0110
72.11,0.0058
72.04,0.0483
71.98,0.0219
71.94,0.0083
71.79,0.0502
71.69,0.0176
71.62,0.0333
71.51,0.0431
71.45,0.0143
71.34,0.0287
71.24,0.0066
71.23,0.0702
71.12,0.0112
71.08,0.0494
71.00,0.0329
70.95,0.0271
70.88,0.0148
70.80,0.0203
70.63,0.0121
70.57,0.0239
70.55,0.0058
70.47,0.0265
70.42,0.0061
70.30,0.0031
70.25,0.0188
70.17,0.0324
70.01,0.0066
69.92,0.0365
69.82,0.0058
69.79,0.0080
69.75,0.0126
69.68,0.0061
69.64,0.0106
69.59,0.0173
69.46,0.0067
69.39,0.0159
69.34,0.0018
69.27,0.0219
69.23,0.0132
69.19,0.0133
69.10,0.0216
69.03,0.0516
68.99,0.0006
68.90,0.0104
68.86,0.0113
68.80,0.0167
68.76,0.0121
68.71,0.0051
68.65,0.0026
68.56,0.0104
68.46,0.0320
68.41,0.0411
68.39,0.0135
68.31,0.0477
68.25,0.0236
68.17,0.0148
68.13,0.0237
67.98,0.0047
67.91,0.0207
67.83,0.0024
67.79,0.0092
67.75,0.0092
67.71,0.0232
67.60,0.0367
67.55,0.0231
67.43,0.0135
67.41,0.0072
67.39,0.0402
67.35,0.0042
67.25,0.0138
67.18,0.0071
67.13,0.0178
67.00,0.0131
66.96,0.0475
66.85,0.0493
66.84,0.0069
66.76,0.0153
66.67,0.0020
66.59,0.0238
66.54,0.0067
66.47,0.0445
66.38,0.0135
66.31,0.0369
66.28,0.0267
66.28,0.0018
66.20,0.0216
66.14,0.0068
66.07,0.0350
66.05,0.0246
65.94,0.0236
65.92,0.0154
65.82,0.0052
65.75,0.0290
65.73,0.0018
65.70,0.0174
65.65,0.0094
65.57,0.0147
65.52,0.0172
65.47,0.0118
65.45,0.0222
65.42,0.0077
65.34,0.0202
65.32,0.0590
65.19,0.0046
65.16,0.0237
65.11,0.0796
65.07,0.0161
64.98,0.0580
64.94,0.0490
64.83,0.0003
64.79,0.0123
64.73,0.0398
64.70,0.0119
64.62,0.0069
64.55,0.0153
64.46,0.0053
64.41,0.0025
64.29,0.0124
64.24,0.0601
64.18,0.0401
64.17,0.0043
64.11,0.0375
64.03,0.0034
63.90,0.0048
63.86,0.0090
63.86,0.0188
63.78,0.0356
63.75,0.0243
63.66,0.0218
63.58,0.0134
63.56,0.0094
63.52,0.0046
63.47,0.0030
63.40,0.0270
63.34,0.0182
63.33,0.0009
63.25,0.0023
63.17,0.0533
63.14,0.0226
63.09,0.0059
63.05,0.0154
63.02,0.0145
63.00,0.0037
62.91,0.0230
62.84,0.0157
62.80,0.0113
62.77,0.0253
62.74,0.0068
62.65,0.0098
62.60,0.0044
62.59,0.0083
62.56,0.0117
62.49,0.0160
62.39,0.0039
62.34,0.0056
62.29,0.0280
62.25,0.0267
62.23,0.0092
62.19,0.0064
62.12,0.0165
62.06,0.0219
62.01,0.0133
61.99,0.0575
61.88,0.0114
61.83,0.0134
61.77,0.0140
61.74,0.0090
61.66,0.0150
61.60,0.0255
61.54,0.0067
61.49,0.0376
61.43,0.0031
61.36,0.0255
61.33,0.0092
61.32,0.0445
61.20,0.0026
61.19,0.0230
61.15,0.0020
61.07,0.0079
61.01,0.0194
61.00,0.0146
60.95,0.0016
60.88,0.0732
60.86,0.0029
60.76,0.0050
60.74,0.0736
60.63,0.0078
60.58,0.0070
60.57,0.0049
60.51,0.0118
60.45,0.0076
60.40,0.0109
60.38,0.0115
60.34,0.0063
60.25,0.0084
60.21,0.0101
60.18,0.0766
60.14,0.0116
60.08,0.0195
60.03,0.0118
60.00,0.0051
59.96,0.0146
59.91,0.0070
59.86,0.0115
59.83,0.0095
59.80,0.0141
59.78,0.0048
59.69,0.0168
59.65,0.0031
59.63,0.0113
59.61,0.0202
59.56,0.0249
59.48,0.0176
59.42,0.0987
59.37,0.0036
59.36,0.0019
59.30,0.0375
59.26,0.0140
59.21,0.0062
59.17,0.0113
59.12,0.0154
59.04,0.0099
59.00,0.0072
58.95,0.0224
58.93,0.0067
58.90,0.0182
58.87,0.0091
58.83,0.0054
58.79,0.0036
58.74,0.0133
58.70,0.0643
58.63,0.0275
58.60,0.0184
58.60,0.0576
58.54,0.0202
58.47,0.0322
58.42,0.0154
58.37,0.0169
58.33,0.0071
58.27,0.0139
58.17,0.0043
58.15,0.0255
58.11,0.0309
58.09,0.0473
58.04,0.0080
58.00,0.0012
57.91,0.0006
57.90,0.0335
57.84,0.0390
57.82,0.0407
57.74,0.0312
57.71,0.0092
57.68,0.0124
57.62,0.0122
57.61,0.0078
57.59,0.0208
57.50,0.0341
57.48,0.0056
57.44,0.0286
57.42,0.0443
57.40,0.0328
57.35,0.0031
57.30,0.0014
57.24,0.0172
57.19,0.0312
57.15,0.0029
57.11,0.0264
57.09,0.0274
57.06,0.0112
56.98,0.0049
56.95,0.0164
56.92,0.0251
56.90,0.0295
56.83,0.0204
56.81,0.0217
56.79,0.0227
56.78,0.0152
56.74,0.0160
56.67,0.0151
56.64,0.0182
56.58,0.0416
56.58,0.0189
56.53,0.0710
56.48,0.0123
56.45,0.0071
56.40,0.0112
56.35,0.0044
56.29,0.0036
56.28,0.0152
56.27,0.0177
56.19,0.0157
56.16,0.0108
56.12,0.0031
56.10,0.0063
56.05,0.0288
56.02,0.0298
55.97,0.0268
55.93,0.0107
55.89,0.0064
55.87,0.0065
55.80,0.1293
55.75,0.0185
55.70,0.0250
55.66,0.0245
55.64,0.0363
55.59,0.0234
55.56,0.0164
55.53,0.0076
55.51,0.0325
55.43,0.0172
55.42,0.0185
55.37,0.0174
55.32,0.0163
55.26,0.0112
55.18,0.0141
55.16,0.0152
55.11,0.0084
55.11,0.0222
55.06,0.0024
55.00,0.0232
54.93,0.0056
54.89,0.0033
54.88,0.0260
54.84,0.0213
54.82,0.0110
54.75,0.0073
54.74,0.0357
54.70,0.0167
54.68,0.0653
54.66,0.0046
54.64,0.0195
54.56,0.0119
54.55,0.0506
54.51,0.0206
54.46,0.0100
54.43,0.0082
54.42,0.0013
54.39,0.0073
54.37,0.0137
54.33,0.0174
54.26,0.0526
54.22,0.0049
54.17,0.0024
54.12,0.0138
54.08,0.0189
54.06,0.0326
54.04,0.0087
53.95,0.0053
53.91,0.0150
53.88,0.0154
53.84,0.0169
53.76,0.0252
53.72,0.0437
53.70,0.0261
53.65,0.0123
53.63,0.0084
53.59,0.0024
53.52,0.0174
53.48,0.0060
53.45,0.0055
53.42,0.0013
53.40,0.0034
53.36,0.0254
53.34,0.0048
53.31,0.0019
53.28,0.0311
53.24,0.0333
53.21,0.0133
53.20,0.0189
53.17,0.0105
53.11,0.0031
53.11,0.0019
53.06,0.0130
53.04,0.0061
53.04,0.0132
52.93,0.0129
52.90,0.0089
52.88,0.0050
52.86,0.0107
52.81,0.0509
52.78,0.0175
52.72,0.0059
52.70,0.0108
52.68,0.0058
52.64,0.0143
52.60,0.0099
52.58,0.0069
52.55,0.0122
52.47,0.0146
52.45,0.0143
52.41,0.0091
52.38,0.0465
52.35,0.0145
52.30,0.0100
52.27,0.0081
52.25,0.0037
52.21,0.0333
52.18,0.0124
52.17,0.0359
52.12,0.0026
52.07,0.0203
52.03,0.0105
51.99,0.0128
51.96,0.0161
51.92,0.0370
51.91,0.0103
51.90,0.0041
51.86,0.0110
51.83,0.0155
51.78,0.0023
51.73,0.0242
51.71,0.0214
51.68,0.0168
51.62,0.0178
51.61,0.0264
51.59,0.0034
51.58,0.0084
51.55,0.0066
51.47,0.0037
51.45,0.0030
51.43,0.0156
51.38,0.0216
51.36,0.0069
51.34,0.0154
51.31,0.0015
51.24,0.0102
51.20,0.0119
51.17,0.0519
51.15,0.0038
51.14,0.0378
51.11,0.0322
51.09,0.0070
51.02,0.0091
50.99,0.0072
50.97,0.0088
50.89,0.0553
50.87,0.0098
50.85,0.0028
50.82,0.0109
50.81,0.0040
50.74,0.0068
50.73,0.0305
50.70,0.0039
50.67,0.0020
50.62,0.0367
50.59,0.0419
50.58,0.0031
50.54,0.0146
50.49,0.0207
50.48,0.0176
50.45,0.0069
50.38,0.0149
50.37,0.0029
50.35,0.0076
50.33,0.0210
50.30,0.0421
50.29,0.0181
50.25,0.0093
50.22,0.0242
50.17,0.0248
50.13,0.0161
50.09,0.0020
50.05,0.0031
49.97,0.0059
49.96,0.0056
49.94,0.0289
49.92,0.0001
49.89,0.0025
49.85,0.0347
49.81,0.0024
49.79,0.0128
49.70,0.0062
49.70,0.0093
49.69,0.0137
49.66,0.0890
49.60,0.0308
49.55,0.0068
49.53,0.0013
49.52,0.0114
49.48,0.0169
49.44,0.0071
49.42,0.0365
49.39,0.0208
49.35,0.0197
49.32,0.0063
49.30,0.0037
49.29,0.0242
49.25,0.0126
49.21,0.0081
49.16,0.0075
49.10,0.0140
49.10,0.0310
49.08,0.0262
49.04,0.0432
49.01,0.0356
48.99,0.0032
48.98,0.0211
48.93,0.0062
48.92,0.0192
48.89,0.0102
48.87,0.0363
48.84,0.0386
48.80,0.0210
48.78,0.0169
48.74,0.0198
48.72,0.0119
48.70,0.0206
48.67,0.0020
48.64,0.0136
48.61,0.0161
48.58,0.0080
48.57,0.0266
48.53,0.0143
48.48,0.0030
48.46,0.0194
48.41,0.0156
48.37,0.0060
48.35,0.0322
48.32,0.0185
48.25,0.0044
48.21,0.0307
48.20,0.0303
48.16,0.0062
48.16,0.0304
48.11,0.0168
48.06,0.0051
48.03,0.0371
48.02,0.0224
47.99,0.0399
47.97,0.0081
47.95,0.0021
47.92,0.0744
47.89,0.0086
47.86,0.0012
47.82,0.0074
47.81,0.0170
47.79,0.0114
47.72,0.0028
47.69,0.0039
47.68,0.0230
47.66,0.0236
47.63,0.0319
47.55,0.0059
47.53,0.0027
47.52,0.0009
47.50,0.0003
47.46,0.0022
47.45,0.0217
47.43,0.0403
47.41,0.0153
47.35,0.0060
47.32,0.0042
47.28,0.0188
47.26,0.0012
47.21,0.0107
47.19,0.0290
47.14,0.0191
47.12,0.0115
47.09,0.0123
47.07,0.0037
47.03,0.0250
47.02,0.0241
46.98,0.0220
46.97,0.0107
46.96,0.0067
46.91,0.0075
46.88,0.0306
46.84,0.0030
46.82,0.0075
46.77,0.0237
46.77,0.0163
46.72,0.0021
46.68,0.0003
46.64,0.0031
46.63,0.0607
46.61,0.0185
46.59,0.0116
46.57,0.0126
46.55,0.0062
46.53,0.0082
46.49,0.0108
46.44,0.0063
46.44,0.0084
46.38,0.0021
46.37,0.0302
46.31,0.0623
46.28,0.0100
46.27,0.0306
46.21,0.0076
46.20,0.0225
46.18,0.0168
46.14,0.0123
46.09,0.0154
46.07,0.0238
46.06,0.0187
46.05,0.0119
46.03,0.0004
45.98,0.0123
45.95,0.0440
45.91,0.0085
45.91,0.0126
45.87,0.0027
45.86,0.0119
45.82,0.0335
45.81,0.0070
45.78,0.0033
45.76,0.0060
45.74,0.0239
45.73,0.0071
45.69,0.0135
45.64,0.0340
45.64,0.0086
45.61,0.0220
45.59,0.0105
45.57,0.0056
45.54,0.0626
45.51,0.0059
45.45,0.0048
45.43,0.0449
45.41,0.0034
45.38,0.0090
45.34,0.0082
45.33,0.0456
45.29,0.0372
45.26,0.0340
45.22,0.0052
45.21,0.0033
45.18,0.0116
45.16,0.0167
45.10,0.0083
45.07,0.0089
45.04,0.0306
45.02,0.0163
45.02,0.0260
45.00,0.0479
44.98,0.0151
44.96,0.0130
44.93,0.0140
44.90,0.0127
44.86,0.0100
44.84,0.0031
44.83,0.0124
44.81,0.0110
44.75,0.0231
44.74,0.0231
44.71,0.0049
44.67,0.0157
44.63,0.0502
44.61,0.0134
44.59,0.0065
44.56,0.0043
44.54,0.0165
44.49,0.0187
44.48,0.0061
44.47,0.0093
44.45,0.0276
44.42,0.0116
44.37,0.0326
44.35,0.0178
44.31,0.0152
44.31,0.0135
44.24,0.0060
44.22,0.0054
44.22,0.0116
44.19,0.0194
44.15,0.0050
44.13,0.0086
44.12,0.0517
44.08,0.0010
44.05,0.0089
44.02,0.0097
44.00,0.0096
43.96,0.0011
43.92,0.0112
43.90,0.0443
43.85,0.0021
43.81,0.0061
43.78,0.0262
43.75,0.0013
43.73,0.0089
43.71,0.0238
43.70,0.0331
43.70,0.0035
43.66,0.0412
43.65,0.0064
43.62,0.0206
43.60,0.0263
43.56,0.0038
43.55,0.0093
43.51,0.0065
43.47,0.0075
43.45,0.0126
43.45,0.0097
43.42,0.0212
43.41,0.0035
43.37,0.0048
43.32,0.0095
43.31,0.0026
43.29,0.0562
43.23,0.0377
43.23,0.0070
43.19,0.0057
43.18,0.0002
43.15,0.0233
43.13,0.0207
43.10,0.0109
43.06,0.0069
43.04,0.0084
43.01,0.0069
42.98,0.0360
42.93,0.0051
42.92,0.0031
42.90,0.0208
42.86,0.0066
42.84,0.0055
42.83,0.0074
42.80,0.0131
42.77,0.0154
42.74,0.0120
42.72,0.0049
42.71,0.0218
42.67,0.0094
42.63,0.0034
42.62,0.0071
42.59,0.0160
42.56,0.0080
42.53,0.0032
42.49,0.0153
42.47,0.0232
42.44,0.0136
42.41,0.0068
42.40,0.0140
42.38,0.0019
42.34,0.0011
42.34,0.0025
42.31,0.0056
42.28,0.0220
42.25,0.0057
42.21,0.0070
42.20,0.0014
42.19,0.0048
42.16,0.0037
42.11,0.0290
42.08,0.0082
42.06,0.0079
42.05,0.0032
42.02,0.0125
42.00,0.0037
41.97,0.0026
41.95,0.0078
41.94,0.0131
41.92,0.0326
41.91,0.0099
41.86,0.0076
41.81,0.0204
41.80,0.0168
41.78,0.0058
41.76,0.0144
41.74,0.0016
41.71,0.0108
41.70,0.0018
41.66,0.0014
41.65,0.0066
41.63,0.0295
41.58,0.0071
41.56,0.0066
41.56,0.0106
41.54,0.0135
41.52,0.0193
41.47,0.0036
41.45,0.0139
41.43,0.0070
41.40,0.0102
41.34,0.0450
41.34,0.0548
41.33,0.0309
41.28,0.0327
41.26,0.0238
41.24,0.0111
41.22,0.0287
41.18,0.0120
41.17,0.0060
41.15,0.0110
41.12,0.0413
41.11,0.0584
41.10,0.0035
41.07,0.0024
41.04,0.0234
41.02,0.0016
41.01,0.0104
40.97,0.0264
40.97,0.0052
40.94,0.0445
40.92,0.0171
40.90,0.0063
40.88,0.0305
40.85,0.0093
40.83,0.0038
40.80,0.0052
40.77,0.0138
40.75,0.0196
40.72,0.0196
40.68,0.0028
40.66,0.0048
40.65,0.0106
40.61,0.0183
40.60,0.0076
40.56,0.0101
40.55,0.0137
40.52,0.0087
40.51,0.0046
40.48,0.0295
40.46,0.0063
40.43,0.0128
40.37,0.0127
40.36,0.0066
40.32,0.0017
40.30,0.0140
40.28,0.0085
40.24,0.0320
40.20,0.0025
40.18,0.0076
40.15,0.0063
40.12,0.0125
40.08,0.0070
40.05,0.0104
40.01,0.0062
39.99,0.0008
39.97,0.0037
39.94,0.0039
39.93,0.0062
39.88,0.0042
39.84,0.0226
39.82,0.0150
39.82,0.0414
39.77,0.0177
39.75,0.0237
39.73,0.0097
39.71,0.0084
39.68,0.0029
39.66,0.0156
39.65,0.0010
39.59,0.0492
39.59,0.0148
39.57,0.0141
39.55,0.0050
39.53,0.0029
39.48,0.0143
39.47,0.0077
39.40,0.0060
39.39,0.0114
39.37,0.0089
39.36,0.0042
39.34,0.0041
39.33,0.0106
39.29,0.0065
39.25,0.0206
39.24,0.0040
39.22,0.0198
39.18,0.0162
39.15,0.0049
39.13,0.0116
39.10,0.0091
39.10,0.0125
39.08,0.0154
39.05,0.0084
39.05,0.0232
39.03,0.0249
39.02,0.0052
39.00,0.0207
38.97,0.0023
38.92,0.0042
38.89,0.0099
38.89,0.0145
38.85,0.0248
38.83,0.0142
38.81,0.0049
38.76,0.0047
38.75,0.0040
38.74,0.0123
38.71,0.0089
38.70,0.0033
38.67,0.0129
38.65,0.0469
38.63,0.0110
38.61,0.0097
38.58,0.0078
38.58,0.0056
38.54,0.0161
38.50,0.0188
38.49,0.0174
38.46,0.0180
38.45,0.0061
38.41,0.0018
38.41,0.0378
38.40,0.0094
38.37,0.0114
38.34,0.0037
38.32,0.0038
38.28,0.0436
38.25,0.0273
38.23,0.0129
38.22,0.0025
38.21,0.0169
38.16,0.0032
38.14,0.0139
38.12,0.0051
38.10,0.0010
38.08,0.0055
38.05,0.0012
38.05,0.0201
38.01,0.0167
38.00,0.0055
37.98,0.0061
37.96,0.0064
37.92,0.0083
37.89,0.0059
37.87,0.0059
37.84,0.0281
37.84,0.0174
37.80,0.0187
37.78,0.0079
37.75,0.0040
37.73,0.0050
37.71,0.0078
37.70,0.0055
37.68,0.0111
37.66,0.0055
37.66,0.0021
37.63,0.0060
37.61,0.0092
37.59,0.0042
37.55,0.0046
37.53,0.0097
37.52,0.0043
37.49,0.0140
37.45,0.0014
37.44,0.0239
37.43,0.0116
37.42,0.0107
37.40,0.0063
37.38,0.0078
37.36,0.0044
37.32,0.0034
37.30,0.0085
37.29,0.0084
37.26,0.0086
37.25,0.0038
37.22,0.0150
37.19,0.0174
37.14,0.0156
37.13,0.0260
37.10,0.0066
37.08,0.0082
37.06,0.0265
37.05,0.0241
37.01,0.0011
37.00,0.0106
36.95,0.0022
36.95,0.0279
36.94,0.0119
36.92,0.0037
36.90,0.0127
36.86,0.0058
36.84,0.0010
36.82,0.0175
36.80,0.0089
36.77,0.0046
36.74,0.0065
36.71,0.0028
36.71,0.0158
36.68,0.0070
36.65,0.0169
36.63,0.0119
36.61,0.0036
36.57,0.0038
36.57,0.0125
36.54,0.0079
36.53,0.0091
36.52,0.0025
36.50,0.0008
36.48,0.0002
36.47,0.0026
36.45,0.0196
36.42,0.0095
36.41,0.0003
36.40,0.0074
36.38,0.0094
36.37,0.0102
36.34,0.0006
36.33,0.0045
36.32,0.0056
36.31,0.0051
36.29,0.0011
36.28,0.0041
36.25,0.0121
36.21,0.0076
36.19,0.0046
36.15,0.0082
36.12,0.0019
36.09,0.0039
36.08,0.0054
36.04,0.0094
36.03,0.0007
36.01,0.0114
36.01,0.0003
35.98,0.0013
35.97,0.0114
35.95,0.0020
35.94,0.0052
35.91,0.0089
35.89,0.0068
35.86,0.0161
35.86,0.0009
35.85,0.0064
35.84,0.0037
35.82,0.0073
35.80,0.0017
35.79,0.0271
35.77,0.0041
35.75,0.0020
35.69,0.0033
35.69,0.0396
35.67,0.0112
35.64,0.0140
35.63,0.0039
35.62,0.0094
35.60,0.0038
35.59,0.0089
35.57,0.0024
35.55,0.0063
35.53,0.0041
35.48,0.0113
35.46,0.0251
35.45,0.0064
35.43,0.0096
35.41,0.0011
35.38,0.0028
35.36,0.0008
35.36,0.0088
35.33,0.0038
35.32,0.0051
35.31,0.0015
35.27,0.0170
35.25,0.0006
35.24,0.0019
35.17,0.0048
35.17,0.0103
35.16,0.0120
35.15,0.0100
35.13,0.0258
35.12,0.0145
35.10,0.0094
35.09,0.0148
35.07,0.0223
35.03,0.0006
35.02,0.0017
35.01,0.0135
34.98,0.0031
34.96,0.0135
34.95,0.0354
34.93,0.0025
34.92,0.0068
34.89,0.0110
34.88,0.0302
34.85,0.0075
34.84,0.0074
34.81,0.0135
34.80,0.0052
34.78,0.0009
34.75,0.0117
34.73,0.0057
34.72,0.0030
34.69,0.0136
34.68,0.0045
34.66,0.0124
34.63,0.0060
34.63,0.0034
34.61,0.0056
34.59,0.0047
34.57,0.0017
34.55,0.0030
34.52,0.0095
34.51,0.0027
34.50,0.0099
34.45,0.0017
34.45,0.0005
34.42,0.0033
34.39,0.0162
34.33,0.0073
34.32,0.0031
34.28,0.0047
34.26,0.0309
34.22,0.0021
34.21,0.0108
34.18,0.0060
34.16,0.0032
34.15,0.0107
34.13,0.0054
34.12,0.0312
34.09,0.0032
34.07,0.0018
34.06,0.0028
34.04,0.0011
34.04,0.0075
34.01,0.0075
34.01,0.0046
34.00,0.0071
33.98,0.0219
33.96,0.0036
33.95,0.0132
33.94,0.0476
33.90,0.0043
33.89,0.0093
33.87,0.0070
33.86,0.0042
33.81,0.0073
33.81,0.0175
33.79,0.0055
33.77,0.0020
33.76,0.0019
33.75,0.0040
33.75,0.0051
33.73,0.0062
33.71,0.0013
33.67,0.0100
33.66,0.0177
33.62,0.0045
33.62,0.0015
33.59,0.0005
33.55,0.0094
33.54,0.0051
33.53,0.0028
33.53,0.0031
33.49,0.0083
33.47,0.0078
33.47,0.0060
33.46,0.0054
33.44,0.0045
33.42,0.0031
33.42,0.0054
33.39,0.0186
33.38,0.0178
33.37,0.0112
33.36,0.0044
33.33,0.0041
33.32,0.0025
33.30,0.0033
33.29,0.0050
33.27,0.0001
33.26,0.0011
33.23,0.0023
33.22,0.0184
33.20,0.0065
33.18,0.0117
33.17,0.0008
33.14,0.0031
33.13,0.0007
33.12,0.0070
33.10,0.0014
33.07,0.0117
33.01,0.0005
32.97,0.0094
32.96,0.0132
32.95,0.0023
32.93,0.0094
32.91,0.0091
32.91,0.0162
32.87,0.0024
32.86,0.0002
32.85,0.0254
32.83,0.0110
32.82,0.0024
32.79,0.0130
32.79,0.0050
32.77,0.0044
32.76,0.0042
32.72,0.0094
32.71,0.0125
32.69,0.0013
32.69,0.0039
32.66,0.0031
32.65,0.0043
32.62,0.0038
32.61,0.0018
32.60,0.0134
32.58,0.0108
32.56,0.0009
32.53,0.0173
32.52,0.0091
32.50,0.0142
32.47,0.0096
32.47,0.0085
32.45,0.0013
32.43,0.0029
32.41,0.0088
32.36,0.0006
32.36,0.0005
32.32,0.0049
32.28,0.0234
32.27,0.0030
32.26,0.0004
32.26,0.0201
32.25,0.0029
32.21,0.0039
32.20,0.0071
32.17,0.0013
32.16,0.0123
32.15,0.0183
32.13,0.0077
32.11,0.0133
32.08,0.0059
32.06,0.0112
32.06,0.0062
32.03,0.0042
32.02,0.0015
32.00,0.0089
31.97,0.0030
31.97,0.0072
31.93,0.0265
31.92,0.0009
31.91,0.0066
31.90,0.0004
31.87,0.0050
31.85,0.0086
31.84,0.0042
31.82,0.0178
31.82,0.0044
31.81,0.0017
31.81,0.0018
31.77,0.0080
31.75,0.0070
31.74,0.0154
31.71,0.0057
31.70,0.0247
31.68,0.0145
31.67,0.0084
31.64,0.0014
31.63,0.0013
31.62,0.0068
31.60,0.0004
31.59,0.0020
31.58,0.0022
31.55,0.0041
31.54,0.0098
31.52,0.0055
31.51,0.0135
31.50,0.0026
31.48,0.0094
31.45,0.0016
31.44,0.0082
31.40,0.0056
31.39,0.0083
31.37,0.0011
31.33,0.0204
31.32,0.0022
31.31,0.0010
31.30,0.0007
31.29,0.0053
31.28,0.0034
31.26,0.0072
31.21,0.0086
31.21,0.0038
31.19,0.0030
31.17,0.0098
31.16,0.0007
31.14,0.0041
31.12,0.0041
31.10,0.0067
31.09,0.0030
31.07,0.0085
31.03,0.0067
31.03,0.0129
31.01,0.0064
30.99,0.0027
30.97,0.0027
30.95,0.0009
30.93,0.0038
30.92,0.0074
30.91,0.0078
30.89,0.0035
30.89,0.0054
30.87,0.0073
30.84,0.0030
30.83,0.0054
30.81,0.0008
30.79,0.0041
30.76,0.0011
30.73,0.0014
30.70,0.0073
30.70,0.0080
30.68,0.0174
30.66,0.0082
30.63,0.0021
30.62,0.0008
30.60,0.0023
30.56,0.0070
30.56,0.0082
30.53,0.0039
30.52,0.0011
30.49,0.0098
30.48,0.0042
30.47,0.0113
30.44,0.0022
30.43,0.0072
30.41,0.0062
30.40,0.0121
30.39,0.0009
30.37,0.0045
30.36,0.0046
30.34,0.0071
30.32,0.0091
30.31,0.0089
30.30,0.0091
30.28,0.0110
30.26,0.0013
30.25,0.0018
30.22,0.0018
30.21,0.0022
30.18,0.0040
30.15,0.0031
30.14,0.0059
30.12,0.0114
30.09,0.0076
30.09,0.0083
30.08,0.0028
30.06,0.0001
30.04,0.0047
30.03,0.0126
30.02,0.0020
29.99,0.0042
29.97,0.0059
29.96,0.0027
29.95,0.0149
29.94,0.0080
29.90,0.0058
29.89,0.0072
29.89,0.0050
29.88,0.0246
29.86,0.0079
29.84,0.0129
29.82,0.0089
29.81,0.0093
29.80,0.0015
29.76,0.0085
29.74,0.0134
29.74,0.0024
29.73,0.0187
29.72,0.0087
29.70,0.0068
29.69,0.0109
29.67,0.0309
29.66,0.0033
29.65,0.0126
29.64,0.0012
29.62,0.0039
29.60,0.0008
29.59,0.0023
29.58,0.0114
29.57,0.0046
29.57,0.0434
29.53,0.0039
29.50,0.0256
29.48,0.0036
29.47,0.0044
29.46,0.0159
29.45,0.0061
29.41,0.0025
29.40,0.0053
29.39,0.0021
29.37,0.0066
29.35,0.0153
29.33,0.0023
29.32,0.0014
29.31,0.0042
29.28,0.0173
29.25,0.0150
29.23,0.0092
29.21,0.0031
29.18,0.0053
29.18,0.0040
29.13,0.0049
29.12,0.0111
29.11,0.0187
29.10,0.0028
29.08,0.0004
29.07,0.0006
29.06,0.0111
29.05,0.0048
29.04,0.0019
29.02,0.0042
28.99,0.0038
28.98,0.0136
28.97,0.0002
28.93,0.0022
28.93,0.0131
28.89,0.0276
28.88,0.0026
28.87,0.0034
28.85,0.0032
28.84,0.0022
28.82,0.0029
28.82,0.0063
28.79,0.0010
28.79,0.0057
28.78,0.0005
28.76,0.0110
28.75,0.0075
28.73,0.0034
28.71,0.0053
28.68,0.0047
28.65,0.0022
28.63,0.0012
28.62,0.0023
28.62,0.0023
28.59,0.0036
28.58,0.0222
28.56,0.0050
28.55,0.0044
28.51,0.0074
28.51,0.0080
28.47,0.0218
28.46,0.0015
28.45,0.0142
28.42,0.0076
28.40,0.0026
28.37,0.0074
28.37,0.0029
28.35,0.0092
28.34,0.0076
28.33,0.0045
28.31,0.0048
28.30,0.0019
28.29,0.0025
28.28,0.0133
28.26,0.0085
28.24,0.0016
28.21,0.0009
28.19,0.0066
28.18,0.0038
28.17,0.0053
28.16,0.0097
28.13,0.0200
28.11,0.0054
28.08,0.0037
28.08,0.0027
28.05,0.0038
28.05,0.0107
28.02,0.0068
28.01,0.0099
28.00,0.0125
27.99,0.0017
27.97,0.0058
27.94,0.0086
27.93,0.0051
27.93,0.0004
27.91,0.0060
27.90,0.0034
27.90,0.0107
27.89,0.0029
27.86,0.0067
27.84,0.0019
27.83,0.0029
27.82,0.0013
27.81,0.0026
27.78,0.0052
27.76,0.0072
27.74,0.0069
27.73,0.0011
27.70,0.0030
27.64,0.0053
27.63,0.0010
27.61,0.0023
27.61,0.0012
27.58,0.0012
27.56,0.0022
27.55,0.0029
27.54,0.0003
27.52,0.0019
27.50,0.0055
27.45,0.0023
27.42,0.0037
27.41,0.0038
27.39,0.0033
27.36,0.0027
27.33,0.0036
27.32,0.0034
27.30,0.0075
27.29,0.0091
27.27,0.0018
27.26,0.0066
27.25,0.0061
27.22,0.0019
27.20,0.0051
27.19,0.0111
27.18,0.0019
27.16,0.0017
27.16,0.0043
27.14,0.0045
27.13,0.0079
27.12,0.0023
27.10,0.0084
27.08,0.0028
27.06,0.0045
27.04,0.0004
27.02,0.0009
26.99,0.0011
26.98,0.0025
26.97,0.0027
26.96,0.0092
26.95,0.0007
26.92,0.0163
26.92,0.0024
26.88,0.0012
26.85,0.0018
26.85,0.0032
26.84,0.0009
26.83,0.0006
26.79,0.0067
26.77,0.0037
26.75,0.0006
26.72,0.0060
26.71,0.0086
26.71,0.0019
26.67,0.0016
26.67,0.0012
26.66,0.0028
26.65,0.0080
26.63,0.0021
26.60,0.0033
26.58,0.0027
26.56,0.0032
26.56,0.0010
26.55,0.0025
26.52,0.0050
26.51,0.0045
26.46,0.0040
26.43,0.0042
26.41,0.0007
26.39,0.0003
26.38,0.0050
26.35,0.0015
26.33,0.0012
26.29,0.0007
26.29,0.0012
26.27,0.0067
26.24,0.0071
26.23,0.0002
26.22,0.0014
26.21,0.0016
26.17,0.0040
26.13,0.0014
26.11,0.0053
26.10,0.0074
26.09,0.0025
26.08,0.0049
26.05,0.0002
26.02,0.0094
26.02,0.0018
25.99,0.0065
25.96,0.0025
25.94,0.0084
25.93,0.0002
25.92,0.0025
25.89,0.0227
25.87,0.0001
25.86,0.0025
25.83,0.0007
25.81,0.0068
25.80,0.0033
25.77,0.0086
25.76,0.0027
25.74,0.0029
25.73,0.0052
25.72,0.0024
25.71,0.0004
25.69,0.0117
25.65,0.0027
25.63,0.0015
25.62,0.0102
25.58,0.0032
25.57,0.0030
25.56,0.0012
25.54,0.0037
25.49,0.0052
25.45,0.0085
25.45,0.0041
25.41,0.0034
25.39,0.0087
25.38,0.0008
25.37,0.0246
25.36,0.0058
25.33,0.0018
25.32,0.0070
25.30,0.0011
25.28,0.0045
25.27,0.0083
25.27,0.0046
25.26,0.0006
25.23,0.0046
25.17,0.0040
25.16,0.0008
25.13,0.0051
25.11,0.0069
25.11,0.0066
25.10,0.0094
25.09,0.0045
25.08,0.0127
25.05,0.0046
25.02,0.0074
24.99,0.0034
24.97,0.0108
24.97,0.0062
24.96,0.0010
24.92,0.0133
24.87,0.0001
24.86,0.0128
24.82,0.0006
24.81,0.0085
24.77,0.0038
24.76,0.0086
24.75,0.0037
24.75,0.0005
24.72,0.0080
24.71,0.0079
24.70,0.0180
24.69,0.0036
24.66,0.0160
24.65,0.0070
24.60,0.0167
24.58,0.0166
24.57,0.0081
24.57,0.0055
24.54,0.0071
24.51,0.0046
24.50,0.0001
24.49,0.0073
24.48,0.0063
24.47,0.0044
24.46,0.0035
24.45,0.0055
24.43,0.0017
24.40,0.0189
24.37,0.0117
24.35,0.0445
24.34,0.0188
24.33,0.0022
24.32,0.0061
24.29,0.0081
24.27,0.0230
24.24,0.0120
24.23,0.0228
24.21,0.0605
24.19,0.0004
24.18,0.0015
24.15,0.0081
24.14,0.0089
24.12,0.0152
24.11,0.0005
24.09,0.0016
24.09,0.0151
24.07,0.0052
24.07,0.0052
24.02,0.0179
24.02,0.0106
23.99,0.0270
23.98,0.0198
23.95,0.0048
23.93,0.0058
23.92,0.0041
23.85,0.0015
23.84,0.0043
23.82,0.0232
23.82,0.0045
23.80,0.0049
23.78,0.0093
23.75,0.0075
23.75,0.0108
23.73,0.0052
23.72,0.0123
23.71,0.0025
23.69,0.0258
23.67,0.0044
23.64,0.0145
23.63,0.0063
23.61,0.0096
23.60,0.0071
23.59,0.0059
23.59,0.0138
23.56,0.0056
23.54,0.0062
23.52,0.0040
23.51,0.0025
23.50,0.0016
23.49,0.0141
23.48,0.0003
23.46,0.0067
23.44,0.0044
23.42,0.0149
23.40,0.0153
23.39,0.0010
23.37,0.0304
23.31,0.0060
23.27,0.0020
23.27,0.0116
23.26,0.0013
23.25,0.0103
23.24,0.0080
23.23,0.0145
23.21,0.0108
23.19,0.0078
23.17,0.0128
23.16,0.0010
23.15,0.0048
23.13,0.0011
23.11,0.0061
23.11,0.0099
23.08,0.0028
23.08,0.0112
23.05,0.0012
23.05,0.0099
23.03,0.0082
23.01,0.0194
22.99,0.0009
22.99,0.0042
22.97,0.0113
22.96,0.0080
22.95,0.0024
22.95,0.0043
22.94,0.0071
22.92,0.0031
22.88,0.0042
22.87,0.0012
22.86,0.0046
22.83,0.0109
22.82,0.0043
22.80,0.0014
22.78,0.0057
22.77,0.0051
22.74,0.0130
22.72,0.0240
22.71,0.0112
22.70,0.0113
22.69,0.0028
22.68,0.0076
22.66,0.0010
22.64,0.0097
22.63,0.0114
22.63,0.0076
22.59,0.0062
22.57,0.0052
22.54,0.0047
22.52,0.0073
22.52,0.0026
22.50,0.0054
22.49,0.0139
22.47,0.0090
22.47,0.0049
22.44,0.0068
22.44,0.0010
22.43,0.0053
22.42,0.0041
22.41,0.0051
22.41,0.0042
22.36,0.0143
22.35,0.0099
22.34,0.0041
22.32,0.0051
22.31,0.0033
22.29,0.0057
22.28,0.0118
22.26,0.0055
22.25,0.0177
22.24,0.0092
22.24,0.0055
22.22,0.0069
22.22,0.0062
22.19,0.0022
22.16,0.0006
22.14,0.0064
22.14,0.0076
22.12,0.0003
22.09,0.0049
22.07,0.0034
22.06,0.0193
22.04,0.0105
22.04,0.0112
22.02,0.0016
22.01,0.0022
22.00,0.0273
21.98,0.0098
21.97,0.0041
21.96,0.0013
21.95,0.0044
21.94,0.0083
21.91,0.0158
21.89,0.0230
21.86,0.0225
21.84,0.0185
21.84,0.0023
21.82,0.0128
21.82,0.0056
21.79,0.0150
21.78,0.0058
21.76,0.0048
21.73,0.0075
21.72,0.0021
21.71,0.0058
21.70,0.0023
21.67,0.0120
21.66,0.0074
21.65,0.0040
21.65,0.0018
21.63,0.0079
21.62,0.0064
21.61,0.0064
21.60,0.0131
21.59,0.0076
21.58,0.0089
21.55,0.0011
21.54,0.0322
21.53,0.0031
21.52,0.0052
21.51,0.0122
21.50,0.0020
21.49,0.0037
21.48,0.0010
21.48,0.0033
21.47,0.0053
21.44,0.0096
21.42,0.0047
21.41,0.0008
21.39,0.0101
21.38,0.0073
21.37,0.0052
21.35,0.0064
21.34,0.0100
21.32,0.0028
21.32,0.0031
21.30,0.0037
21.29,0.0022
21.28,0.0022
21.26,0.0009
21.26,0.0034
21.24,0.0175
21.23,0.0173
21.21,0.0067
21.21,0.0009
21.20,0.0291
21.18,0.0029
21.17,0.0171
21.17,0.0016
21.14,0.0011
21.13,0.0092
21.10,0.0070
21.09,0.0078
21.08,0.0043
21.07,0.0005
21.07,0.0041
21.06,0.0070
21.05,0.0096
21.03,0.0102
21.02,0.0045
21.02,0.0032
21.00,0.0112
20.99,0.0078
20.99,0.0019
20.97,0.0082
20.96,0.0052
20.95,0.0282
20.94,0.0045
20.93,0.0175
20.91,0.0072
20.90,0.0034
20.89,0.0047
20.88,0.0104
20.87,0.0106
20.83,0.0280
20.81,0.0136
20.80,0.0083
20.78,0.0032
20.77,0.0050
20.77,0.0158
20.76,0.0056
20.75,0.0022
20.74,0.0049
20.71,0.0021
20.69,0.0123
20.67,0.0069
20.66,0.0095
20.65,0.0013
20.64,0.0323
20.63,0.0046
20.62,0.0038
20.61,0.0060
20.60,0.0049
20.58,0.0044
20.58,0.0077
20.56,0.0016
20.55,0.0038
20.54,0.0063
20.53,0.0118
20.52,0.0066
20.51,0.0028
20.50,0.0060
20.48,0.0045
20.47,0.0340
20.46,0.0094
20.45,0.0201
20.45,0.0172
20.42,0.0188
20.42,0.0010
20.40,0.0168
20.39,0.0136
20.37,0.0077
20.35,0.0031
20.33,0.0016
20.32,0.0032
20.32,0.0077
20.32,0.0184
20.31,0.0018
20.30,0.0074
20.30,0.0024
20.27,0.0011
20.25,0.0145
20.24,0.0053
20.24,0.0064
20.23,0.0021
20.21,0.0076
20.21,0.0089
20.19,0.0080
20.18,0.0094
20.18,0.0050
20.16,0.0042
20.14,0.0068
20.12,0.0089
20.11,0.0051
20.11,0.0042
20.09,0.0076
20.09,0.0111
20.08,0.0060
20.08,0.0063
20.06,0.0067
20.04,0.0084
20.04,0.0127
20.02,0.0090
20.00,0.0043
20.00,0.0056
20.00,0.0013
19.98,0.0088
19.98,0.0038
19.97,0.0036
19.97,0.0022
19.95,0.0024
19.94,0.0103
19.93,0.0039
19.92,0.0017
19.92,0.0016
19.91,0.0025
19.90,0.0124
19.88,0.0020
19.87,0.0227
19.86,0.0053
19.86,0.0010
19.84,0.0114
19.83,0.0080
19.83,0.0093
19.81,0.0059
19.78,0.0014
19.77,0.0013
19.77,0.0184
19.76,0.0008
19.75,0.0054
19.74,0.0040
19.73,0.0013
19.72,0.0061
19.71,0.0207
19.70,0.0035
19.70,0.0078
19.68,0.0012
19.68,0.0045
19.65,0.0034
19.64,0.0020
19.63,0.0082
19.63,0.0096
19.63,0.0077
19.61,0.0021
19.60,0.0069
19.59,0.0015
19.57,0.0033
19.57,0.0021
19.56,0.0003
19.55,0.0163
19.53,0.0045
19.53,0.0042
19.52,0.0011
19.50,0.0047
19.50,0.0044
19.48,0.0032
19.47,0.0156
19.46,0.0033
19.44,0.0166
19.43,0.0082
19.42,0.0103
19.41,0.0046
19.40,0.0021
19.39,0.0018
19.38,0.0058
19.38,0.0092
19.36,0.0027
19.35,0.0025
19.34,0.0030
19.31,0.0062
19.31,0.0091
19.31,0.0065
19.29,0.0044
19.28,0.0018
19.27,0.0152
19.25,0.0024
19.24,0.0105
19.23,0.0129
19.23,0.0014
19.21,0.0101
19.19,0.0015
19.18,0.0053
19.18,0.0021
19.16,0.0097
19.15,0.0058
19.14,0.0107
19.13,0.0064
19.13,0.0140
19.11,0.0099
19.10,0.0081
19.10,0.0128
19.09,0.0077
19.08,0.0051
19.08,0.0056
19.07,0.0081
19.06,0.0084
19.05,0.0066
19.03,0.0028
19.03,0.0001
19.02,0.0058
19.00,0.0031
18.99,0.0032
18.98,0.0058
18.97,0.0018
18.96,0.0051
18.96,0.0003
18.95,0.0018
18.93,0.0047
18.93,0.0049
18.92,0.0002
18.90,0.0050
18.89,0.0160
18.88,0.0013
18.88,0.0029
18.87,0.0089
18.87,0.0027
18.85,0.0015
18.84,0.0021
18.83,0.0047
18.82,0.0123
18.82,0.0150
18.81,0.0050
18.80,0.0161
18.79,0.0003
18.78,0.0162
18.77,0.0049
18.75,0.0036
18.75,0.0064
18.73,0.0053
18.72,0.0028
18.72,0.0007
18.71,0.0032
18.70,0.0032
18.68,0.0062
18.66,0.0050
18.65,0.0063
18.64,0.0175
18.64,0.0039
18.63,0.0008
18.62,0.0069
18.61,0.0101
18.60,0.0078
18.59,0.0083
18.59,0.0084
18.58,0.0072
18.56,0.0262
18.56,0.0013
18.55,0.0041
18.54,0.0076
18.53,0.0047
18.52,0.0057
18.52,0.0050
18.51,0.0081
18.49,0.0065
18.49,0.0038
18.49,0.0034
18.48,0.0108
18.48,0.0028
18.47,0.0018
18.46,0.0111
18.45,0.0038
18.44,0.0017
18.44,0.0026
18.43,0.0117
18.42,0.0079
18.42,0.0015
18.41,0.0013
18.40,0.0147
18.38,0.0009
18.38,0.0397
18.36,0.0179
18.36,0.0066
18.35,0.0021
18.34,0.0249
18.33,0.0014
18.33,0.0018
18.32,0.0078
18.31,0.0049
18.30,0.0045
18.30,0.0056
18.29,0.0328
18.27,0.0066
18.27,0.0026
18.25,0.0085
18.24,0.0154
18.23,0.0101
18.23,0.0093
18.20,0.0083
18.20,0.0030
18.19,0.0038
18.18,0.0069
18.17,0.0069
18.16,0.0029
18.16,0.0011
18.15,0.0046
18.14,0.0029
18.13,0.0028
18.13,0.0157
18.11,0.0099
18.10,0.0213
18.09,0.0014
18.08,0.0051
18.08,0.0055
18.06,0.0067
18.05,0.0131
18.04,0.0027
18.03,0.0022
18.03,0.0147
18.02,0.0018
18.02,0.0103
18.01,0.0008
18.00,0.0114
17.99,0.0012
17.99,0.0122
17.97,0.0029
17.96,0.0068
17.95,0.0074
17.93,0.0102
17.92,0.0112
17.92,0.0022
17.92,0.0111
17.91,0.0076
17.90,0.0126
17.88,0.0030
17.87,0.0005
17.85,0.0183
17.85,0.0098
17.85,0.0049
17.85,0.0027
17.82,0.0023
17.81,0.0037
17.80,0.0104
17.79,0.0113
17.78,0.0077
17.78,0.0178
17.76,0.0051
17.75,0.0043
17.75,0.0030
17.73,0.0033
17.72,0.0056
17.72,0.0083
17.71,0.0046
17.69,0.0146
17.69,0.0138
17.68,0.0083
17.68,0.0065
17.67,0.0019
17.66,0.0030
17.66,0.0033
17.65,0.0049
17.64,0.0054
17.63,0.0050
17.62,0.0039
17.61,0.0075
17.60,0.0172
17.59,0.0298
17.58,0.0172
17.57,0.0020
17.56,0.0140
17.56,0.0100
17.54,0.0305
17.54,0.0014
17.52,0.0174
17.52,0.0115
17.49,0.0006
17.48,0.0116
17.47,0.0019
17.46,0.0212
17.45,0.0012
17.44,0.0001
17.44,0.0023
17.43,0.0111
17.41,0.0029
17.40,0.0029
17.40,0.0028
17.39,0.0004
17.38,0.0005
17.38,0.0064
17.37,0.0091
17.36,0.0080
17.36,0.0050
17.35,0.0114
17.34,0.0022
17.34,0.0043
17.33,0.0051
17.31,0.0000
17.31,0.0067
17.31,0.0022
17.30,0.0026
17.29,0.0027
17.26,0.0040
17.26,0.0095
17.24,0.0009
17.23,0.0006
17.22,0.0037
17.22,0.0099
17.21,0.0089
17.20,0.0012
17.19,0.0178
17.18,0.0066
17.17,0.0012
17.16,0.0030
17.15,0.0032
17.14,0.0101
17.13,0.0036
17.11,0.0047
17.10,0.0132
17.10,0.0027
17.09,0.0019
17.08,0.0050
17.07,0.0009
17.05,0.0017
17.02,0.0092
17.02,0.0140
17.01,0.0046
17.00,0.0009
16.98,0.0054
16.98,0.0035
16.98,0.0161
16.96,0.0037
16.96,0.0079
16.95,0.0140
16.93,0.0072
16.92,0.0081
16.92,0.0040
16.91,0.0041
16.91,0.0009
16.88,0.0049
16.88,0.0015
16.86,0.0094
16.85,0.0014
16.84,0.0180
16.83,0.0015
16.80,0.0020
16.80,0.0026
16.79,0.0061
16.79,0.0042
16.77,0.0104
16.76,0.0076
16.76,0.0010
16.73,0.0038
16.73,0.0092
16.71,0.0024
16.71,0.0022
16.69,0.0047
16.69,0.0090
16.68,0.0121
16.67,0.0067
16.67,0.0086
16.66,0.0032
16.65,0.0070
16.65,0.0100
16.64,0.0114
16.64,0.0093
16.59,0.0055
16.59,0.0054
16.58,0.0042
16.57,0.0082
16.56,0.0013
16.56,0.0008
16.55,0.0040
16.55,0.0081
16.54,0.0049
16.52,0.0019
16.49,0.0068
16.48,0.0058
16.48,0.0032
16.46,0.0013
16.44,0.0092
16.44,0.0035
16.42,0.0034
16.42,0.0049
16.41,0.0031
16.40,0.0066
16.39,0.0064
16.38,0.0002
16.37,0.0070
16.36,0.0024
16.35,0.0070
16.34,0.0046
16.33,0.0023
16.32,0.0020
16.31,0.0040
16.29,0.0003
16.27,0.0067
16.25,0.0110
16.25,0.0073
16.24,0.0048
16.24,0.0014
16.22,0.0208
16.21,0.0059
16.20,0.0027
16.20,0.0031
16.19,0.0053
16.19,0.0028
16.18,0.0104
16.17,0.0111
16.16,0.0005
16.15,0.0057
16.14,0.0078
16.12,0.0239
16.11,0.0105
16.10,0.0428
16.09,0.0025
16.09,0.0055
16.08,0.0017
16.07,0.0094
16.05,0.0191
16.04,0.0030
16.03,0.0161
16.03,0.0042
16.02,0.0018
16.01,0.0067
15.97,0.0158
15.95,0.0030
15.94,0.0047
15.94,0.0001
15.93,0.0075
15.92,0.0046
15.92,0.0056
15.91,0.0055
15.90,0.0013
15.88,0.0031
15.86,0.0031
15.85,0.0038
15.83,0.0041
15.81,0.0075
15.80,0.0095
15.79,0.0035
15.79,0.0069
15.79,0.0014
15.78,0.0103
15.75,0.0063
15.74,0.0012
15.73,0.0114
15.71,0.0015
15.71,0.0107
15.71,0.0000
15.68,0.0056
15.68,0.0019
15.67,0.0031
15.67,0.0063
15.66,0.0045
15.65,0.0008
15.64,0.0033
15.64,0.0047
15.62,0.0062
15.62,0.0014
15.61,0.0052
15.60,0.0027
15.57,0.0037
15.56,0.0140
15.54,0.0030
15.54,0.0044
15.52,0.0180
15.52,0.0196
15.50,0.0134
15.48,0.0134
15.48,0.0027
15.47,0.0111
15.46,0.0024
15.45,0.0092
15.43,0.0000
15.43,0.0041
15.41,0.0025
15.41,0.0079
15.40,0.0147
15.38,0.0111
15.37,0.0021
15.34,0.0123
15.34,0.0154
15.32,0.0074
15.31,0.0117
15.30,0.0035
15.29,0.0175
15.28,0.0036
15.28,0.0014
15.26,0.0002
15.26,0.0104
15.25,0.0023
15.24,0.0032
15.23,0.0015
15.22,0.0039
15.22,0.0007
15.21,0.0029
15.20,0.0034
15.20,0.0061
15.18,0.0032
15.18,0.0076
15.17,0.0004
15.16,0.0031
15.15,0.0052
15.14,0.0020
15.11,0.0047
15.10,0.0002
15.08,0.0009
15.07,0.0158
15.07,0.0155
15.06,0.0074
15.05,0.0120
15.04,0.0033
15.03,0.0047
15.02,0.0073
15.00,0.0105
14.99,0.0022
14.98,0.0104
14.98,0.0055
14.97,0.0140
14.97,0.0082
14.96,0.0014
14.95,0.0060
14.94,0.0047
14.93,0.0051
14.92,0.0036
14.92,0.0075
14.91,0.0010
14.90,0.0007
14.88,0.0017
14.86,0.0080
14.86,0.0158
14.85,0.0070
14.84,0.0056
14.83,0.0016
14.82,0.0003
14.81,0.0028
14.80,0.0017
14.79,0.0048
14.79,0.0048
14.78,0.0131
14.78,0.0061
14.77,0.0162
14.76,0.0055
14.76,0.0140
14.75,0.0019
14.75,0.0207
14.74,0.0306
14.73,0.0064
14.72,0.0297
14.71,0.0285
14.70,0.0048
14.70,0.0066
14.67,0.0408
14.66,0.0009
14.65,0.0200
14.64,0.0405
14.62,0.0005
14.59,0.0010
14.58,0.0008
14.58,0.0008
14.57,0.0097
14.55,0.0033
14.54,0.0071
14.54,0.0022
14.52,0.0108
14.51,0.0122
14.49,0.0005
14.48,0.0153
14.47,0.0074
14.45,0.0012
14.45,0.0026
14.44,0.0049
14.43,0.0007
14.42,0.0027
14.42,0.0011
14.41,0.0049
14.41,0.0155
14.40,0.0016
14.38,0.0078
14.37,0.0079
14.36,0.0164
14.34,0.0473
14.34,0.0161
14.34,0.0086
14.34,0.0087
14.32,0.0054
14.31,0.0034
14.31,0.0064
14.30,0.0147
14.30,0.0043
14.28,0.0024
14.28,0.0139
14.26,0.0227
14.26,0.0099
14.25,0.0047
14.24,0.0011
14.22,0.0024
14.21,0.0166
14.20,0.0028
14.19,0.0158
14.18,0.0254
14.16,0.0517
14.15,0.0199
14.14,0.0483
14.12,0.0005
14.11,0.0096
14.10,0.0129
14.10,0.0059
14.09,0.0056
14.09,0.0127
14.08,0.0159
14.08,0.0008
14.07,0.0007
14.06,0.0002
14.05,0.0299
14.05,0.0096
14.04,0.0090
14.04,0.0004
14.03,0.0066
14.03,0.0004
14.01,0.0217
14.00,0.0079
14.00,0.0139
13.98,0.0164
13.98,0.0340
13.97,0.0082
13.96,0.0196
13.95,0.0011
13.94,0.0015
13.94,0.0010
13.93,0.0035
13.92,0.0019
13.91,0.0219
13.91,0.0154
13.90,0.0139
13.90,0.0011
13.89,0.0016
13.88,0.0717
13.88,0.0075
13.87,0.0200
13.86,0.0339
13.86,0.0105
13.84,0.0145
13.83,0.0299
13.82,0.0023
13.81,0.0081
13.81,0.0979
13.79,0.0141
13.77,0.0207
13.77,0.0315
13.75,0.0216
13.75,0.0027
13.73,0.0113
13.73,0.0118
13.72,0.0057
13.72,0.0401
13.71,0.0136
13.70,0.0233
13.68,0.0033
13.68,0.0419
13.67,0.0284
13.66,0.0042
13.65,0.0125
13.65,0.0026
13.64,0.0080
13.64,0.0029
13.64,0.0028
13.63,0.0314
13.62,0.0177
13.61,0.0025
13.60,0.0014
13.60,0.0049
13.58,0.0051
13.58,0.0010
13.57,0.0003
13.57,0.0060
13.57,0.0062
13.56,0.0159
13.55,0.0018
13.54,0.0150
13.53,0.0049
13.52,0.0074
13.51,0.0075
13.50,0.0080
13.49,0.0091
13.47,0.0334
13.46,0.0037
13.45,0.0121
13.44,0.0061
13.44,0.0129
13.43,0.0007
13.43,0.0057
13.42,0.0087
13.41,0.0028
13.39,0.0026
13.39,0.0002
13.39,0.0032
13.38,0.0051
13.37,0.0080
13.36,0.0063
13.36,0.0139
13.35,0.0069
13.34,0.0083
13.33,0.0038
13.31,0.0107
13.31,0.0113
13.30,0.0007
13.30,0.0018
13.29,0.0008
13.28,0.0092
13.27,0.0004
13.26,0.0135
13.26,0.0102
13.26,0.0010
13.24,0.0207
13.24,0.0172
13.23,0.0040
13.22,0.0035
13.22,0.0014
13.22,0.0056
13.20,0.0022
13.20,0.0091
13.20,0.0146
13.19,0.0100
13.16,0.0350
13.15,0.0020
13.14,0.0042
13.14,0.0034
13.12,0.0036
13.11,0.0027
13.10,0.0090
13.09,0.0392
13.08,0.0016
13.07,0.0302
13.06,0.0038
13.06,0.0036
13.05,0.0014
13.05,0.0084
13.03,0.0110
13.03,0.0241
13.01,0.0007
13.00,0.0132
12.99,0.0070
12.98,0.0016
12.97,0.0049
12.97,0.0031
12.96,0.0038
12.96,0.0015
12.95,0.0041
12.94,0.0163
12.94,0.0112
12.93,0.0014
12.92,0.0084
12.92,0.0035
12.91,0.0212
12.90,0.0010
12.90,0.0050
12.89,0.0094
12.88,0.0052
12.87,0.0432
12.85,0.0061
12.85,0.0045
12.82,0.0244
12.82,0.0030
12.81,0.0041
12.81,0.0021
12.80,0.0074
12.78,0.0015
12.78,0.0073
12.77,0.0167
12.77,0.0097
12.76,0.0120
12.74,0.0063
12.72,0.0336
12.71,0.0118
12.71,0.0049
12.70,0.0055
12.69,0.0106
12.69,0.0044
12.69,0.0009
12.68,0.0054
12.67,0.0140
12.66,0.0012
12.65,0.0214
12.64,0.0008
12.63,0.0061
12.63,0.0018
12.61,0.0528
12.60,0.0530
12.59,0.0844
12.57,0.0072
12.57,0.0071
12.56,0.0145
12.56,0.0035
12.55,0.0016
12.55,0.0028
12.54,0.0027
12.53,0.0138
12.52,0.0063
12.51,0.0030
12.49,0.0161
12.49,0.0004
12.48,0.0053
12.48,0.0020
12.47,0.0049
12.47,0.0168
12.46,0.0102
12.45,0.0051
12.44,0.0196
12.43,0.0443
12.42,0.0094
12.41,0.0018
12.40,0.0048
12.40,0.0174
12.39,0.0217
12.39,0.0062
12.35,0.0154
12.35,0.0040
12.33,0.0030
12.32,0.0086
12.30,0.0377
12.29,0.0119
12.29,0.0164
12.28,0.0492
12.28,0.0038
12.27,0.0051
12.26,0.0095
12.25,0.0123
12.22,0.0080
12.21,0.0128
12.20,0.0014
12.19,0.0064
12.18,0.0095
12.18,0.0211
12.17,0.0092
12.16,0.0224
12.16,0.0156
12.15,0.0041
12.14,0.0092
12.11,0.0105
12.10,0.0224
12.10,0.0112
12.09,0.0099
12.08,0.0179
12.07,0.0162
12.05,0.0013
12.04,0.0033
12.03,0.0038
12.02,0.0014
12.02,0.0147
12.01,0.0292
12.01,0.0220
12.00,0.0066
11.99,0.0143
11.98,0.0030
11.97,0.0025
11.97,0.0039
11.96,0.0017
11.96,0.0168
11.94,0.0138
11.94,0.0353
11.94,0.0244
11.93,0.0170
11.91,0.0595
11.91,0.0467
11.89,0.0598
11.89,0.0304
11.89,0.0232
11.88,0.0034
11.88,0.0051
11.88,0.0064
11.87,0.0104
11.87,0.0283
11.84,0.0052
11.83,0.0144
11.82,0.0362
11.82,0.0090
11.82,0.0117
11.81,0.0079
11.79,0.0132
11.77,0.0059
11.77,0.0065
11.76,0.0216
11.76,0.0079
11.75,0.0108
11.73,0.0111
11.72,0.0033
11.72,0.0045
11.71,0.0018
11.71,0.0038
11.70,0.0299
11.67,0.0158
11.66,0.0030
11.65,0.0143
11.65,0.0060
11.64,0.0030
11.63,0.0028
11.63,0.0015
11.62,0.0421
11.60,0.0033
11.59,0.0099
11.57,0.0013
11.56,0.0146
11.56,0.0292
11.55,0.0367
11.54,0.0127
11.53,0.0059
11.53,0.0050
11.52,0.0057
11.52,0.0067
11.50,0.0033
11.49,0.0057
11.47,0.0017
11.47,0.0187
11.46,0.0123
11.45,0.0447
11.45,0.0116
11.45,0.0012
11.44,0.0049
11.43,0.0369
11.42,0.0651
11.40,0.0056
11.39,0.0306
11.39,0.0243
11.38,0.0014
11.38,0.0391
11.38,0.0059
11.37,0.0106
11.37,0.0180
11.35,0.0471
11.34,0.0421
11.34,0.0050
11.33,0.0081
11.33,0.0013
11.31,0.0053
11.31,0.0496
11.30,0.0173
11.29,0.0196
11.27,0.0780
11.27,0.0006
11.27,0.0002
11.26,0.0339
11.26,0.0792
11.25,0.0163
11.23,0.0168
11.23,0.0467
11.21,0.0041
11.20,0.0048
11.20,0.0112
11.18,0.0886
11.17,0.0115
11.17,0.0367
11.15,0.0558
11.15,0.0436
11.14,0.0084
11.13,0.1320
11.13,0.0015
11.11,0.0029
11.10,0.0087
11.09,0.0114
11.07,0.0124
11.07,0.0064
11.06,0.0234
11.04,0.0008
11.02,0.0064
11.02,0.0140
11.00,0.0080
11.00,0.0463
10.99,0.0022
10.98,0.0049
10.97,0.0049
10.96,0.0012
10.96,0.0008
10.96,0.0033
10.94,0.0006
10.93,0.0029
10.92,0.0061
10.92,0.0133
10.90,0.0043
10.89,0.0175
10.88,0.0319
10.87,0.0023
10.83,0.0057
10.83,0.0009
10.82,0.0146
10.80,0.0129
10.79,0.0010
10.78,0.0504
10.77,0.0016
10.77,0.0076
10.77,0.1483
10.75,0.0287
10.75,0.0043
10.73,0.0136
10.72,0.0676
10.72,0.1072
10.70,0.0034
10.68,0.0016
10.65,0.0317
10.64,0.0002
10.63,0.0028
10.63,0.0070
10.61,0.0001
10.61,0.0001
10.60,0.0004
10.60,0.0117
10.56,0.0047
10.55,0.0034
10.55,0.0647
10.53,0.1344
10.52,0.0053
10.50,0.0155
10.49,0.0847
10.48,0.0023
10.47,0.0140
10.45,0.0625
10.44,0.0010
10.44,0.0086
10.41,0.0832
10.39,0.0054
10.37,0.0183
10.36,0.0049
10.35,0.0480
10.34,0.0003
10.32,0.0012
10.31,0.0013
10.29,0.0024
10.27,0.0004
10.26,0.0168
10.18,0.1339
10.14,0.0015
10.14,0.0696
10.13,0.0042
10.12,0.0007
10.10,0.0015
10.07,0.0000
10.05,0.0004
10.04,0.0000
10.01,0.0212
10.01,0.0005
10.00,0.0391
9.99,0.0029
9.94,0.0106
9.94,0.0002
9.92,0.0004
9.90,0.0037
9.89,0.0000
9.88,0.0008
9.83,0.0022
9.83,0.0105
9.79,0.0000
9.75,0.0001
9.72,0.0110
9.71,0.0001
9.66,0.0001
9.65,0.0002
9.62,0.0002
9.52,0.0010
9.49,0.0010
9.48,0.0001
9.44,0.0012
9.29,0.0005
9.14,0.0001
9.01,0.0000
8.95,0.0021
8.94,0.0011
8.86,0.0000
