186.11,0.0128
179.20,0.2271
170.07,0.1292
167.17,0.1532
166.76,0.0733
160.01,0.0127
158.39,0.0103
157.85,0.0096
153.97,0.0212
150.06,0.0114
148.78,0.0208
147.58,0.0365
146.50,0.0129
145.66,0.0724
140.66,0.0263
137.71,0.0530
136.52,0.0186
135.55,0.0084
135.45,0.0122
134.49,0.0151
133.99,0.0054
132.43,0.0054
130.70,0.0089
129.46,0.0018
128.92,0.0821
128.33,0.0065
127.72,0.0042
125.16,0.0325
124.46,0.0087
123.84,0.0365
123.33,0.0194
123.04,0.0208
122.06,0.0163
121.67,0.0072
121.38,0.0075
121.20,0.1627
120.56,0.0713
120.50,0.0899
119.90,0.1211
119.22,0.0149
119.13,0.0109
118.78,0.0380
117.59,0.0033
117.03,0.0100
116.79,0.0167
116.37,0.0357
115.53,0.0125
115.26,0.0040
114.91,0.0301
114.22,0.0212
113.69,0.0217
113.29,0.0041
113.19,0.0014
112.55,0.0952
112.26,0.0070
112.04,0.0249
111.26,0.0438
110.88,0.0030
110.48,0.0481
109.68,0.0180
109.38,0.0146
108.94,0.0036
108.61,0.0253
108.31,0.0416
107.97,0.0255
107.56,0.0044
107.36,0.0021
107.08,0.0278
106.53,0.0136
106.38,0.0368
106.10,0.0872
105.86,0.0483
105.68,0.0016
105.40,0.0539
105.17,0.0343
105.02,0.0120
104.74,0.0113
104.70,0.0169
104.42,0.0033
104.02,0.0176
103.79,0.0003
103.70,0.0273
103.41,0.0061
103.19,0.0184
102.92,0.0512
102.59,0.0070
102.33,0.0046
102.29,0.0081
102.00,0.0030
101.89,0.0035
101.70,0.0363
101.55,0.0152
101.26,0.0087
101.05,0.0206
100.78,0.0201
100.72,0.0032
100.11,0.0122
99.78,0.0238
99.55,0.0213
99.19,0.0200
99.14,0.0380
98.88,0.0368
98.76,0.0527
98.25,0.0087
97.97,0.0161
97.78,0.0403
97.61,0.0368
97.21,0.0215
96.99,0.0769
96.90,0.0460
96.68,0.0251
96.65,0.0375
96.35,0.0018
96.10,0.0088
96.03,0.0095
95.81,0.0145
95.56,0.0425
95.52,0.0325
95.31,0.0203
95.12,0.0279
94.99,0.0830
94.81,0.0226
94.64,0.0861
94.45,0.0373
94.33,0.0144
94.00,0.0251
93.83,0.0168
93.76,0.0203
93.51,0.0382
93.45,0.0430
93.17,0.0270
93.06,0.0431
92.93,0.0084
92.84,0.0118
92.71,0.0304
92.59,0.0257
92.35,0.1088
92.24,0.0224
92.15,0.0042
92.04,0.0541
91.87,0.0430
91.74,0.0053
91.64,0.0794
91.50,0.0331
91.36,0.0061
91.16,0.0383
91.06,0.0235
90.89,0.0117
90.82,0.0564
90.65,0.0260
90.60,0.0767
90.49,0.0336
90.07,0.0469
90.04,0.0595
89.84,0.0006
89.63,0.0512
89.51,0.0205
89.43,0.0218
89.27,0.0399
89.15,0.0239
88.80,0.0199
88.74,0.0320
88.68,0.0279
88.57,0.0125
88.46,0.0513
88.35,0.0256
88.32,0.0082
87.96,0.0308
87.93,0.0118
87.79,0.0142
87.65,0.0235
87.57,0.0209
87.49,0.0040
87.43,0.0369
87.30,0.0589
87.19,0.0376
87.12,0.0109
87.04,0.0159
86.86,0.0217
86.72,0.0147
86.41,0.1111
86.29,0.0231
86.19,0.0546
86.04,0.0189
85.83,0.0149
85.70,0.0038
85.63,0.0743
85.52,0.0152
85.41,0.0395
85.32,0.0008
85.16,0.0346
85.11,0.0477
85.00,0.0487
84.95,0.0314
84.82,0.0050
84.74,0.0065
84.64,0.0077
84.55,0.0024
84.41,0.0102
84.34,0.0132
84.27,0.0084
84.11,0.0069
84.03,0.0626
83.90,0.0143
83.86,0.0258
83.81,0.0078
83.65,0.0078
83.53,0.0050
83.45,0.0016
83.35,0.0098
83.23,0.0252
83.15,0.0550
83.06,0.0699
83.04,0.0074
82.92,0.0222
82.85,0.0015
82.79,0.0252
82.62,0.0430
82.58,0.1365
82.41,0.0175
82.37,0.0882
82.24,0.1226
82.17,0.0132
82.13,0.0551
82.07,0.0028
81.93,0.0204
81.83,0.0309
81.79,0.0553
81.73,0.0012
81.60,0.0261
81.51,0.0215
81.38,0.0385
81.26,0.0169
81.19,0.0062
81.16,0.0152
80.99,0.0288
80.92,0.0369
80.85,0.0102
80.68,0.0448
80.64,0.0282
80.56,0.0248
80.53,0.0065
80.46,0.0696
80.38,0.0420
80.29,0.0194
80.15,0.0157
80.05,0.0766
79.86,0.0608
79.81,0.0701
79.72,0.0080
79.63,0.0228
79.49,0.0020
79.44,0.0048
79.38,0.0313
79.29,0.0326
79.21,0.0409
79.13,0.0057
79.09,0.0484
78.95,0.0033
78.90,0.0263
78.80,0.0530
78.79,0.0154
78.61,0.0137
78.54,0.0445
78.48,0.0175
78.42,0.0100
78.34,0.0814
78.24,0.0421
78.16,0.0681
78.07,0.0022
78.00,0.0071
77.94,0.0326
77.85,0.0175
77.81,0.0259
77.69,0.0282
77.58,0.0098
77.51,0.0254
77.41,0.0070
77.32,0.0531
77.21,0.0640
77.18,0.0484
77.14,0.0045
77.05,0.0527
77.02,0.0333
76.97,0.1028
76.85,0.0236
76.79,0.0266
76.73,0.0098
76.65,0.0012
76.56,0.0166
76.52,0.0211
76.37,0.0032
76.27,0.0175
76.21,0.0061
76.17,0.0138
76.12,0.0371
76.01,0.0013
75.97,0.0215
75.95,0.0438
75.85,0.0155
75.79,0.0048
75.72,0.0170
75.66,0.0776
75.55,0.0443
75.45,0.0400
75.42,0.0041
75.40,0.0403
75.37,0.0154
75.28,0.0307
75.25,0.0401
75.22,0.0165
75.10,0.0338
75.06,0.0212
74.93,0.0100
74.88,0.0278
74.80,0.0264
74.76,0.0169
74.74,0.0396
74.66,0.0186
74.49,0.0224
74.47,0.0119
74.42,0.0154
74.38,0.0239
74.30,0.0126
74.21,0.0172
74.18,0.0424
74.15,0.0518
74.05,0.0180
73.98,0.0525
73.95,0.0374
73.88,0.0080
73.85,0.0096
73.78,0.0206
73.71,0.0043
73.68,0.0370
73.62,0.0172
73.56,0.0509
73.52,0.0012
73.40,0.0209
73.30,0.0130
73.27,0.0177
73.19,0.0104
73.16,0.0118
73.12,0.0161
73.02,0.0306
72.92,0.0128
72.88,0.0065
72.87,0.0092
72.82,0.0157
72.72,0.0198
72.67,0.0026
72.61,0.0200
72.58,0.0079
72.53,0.0257
72.47,0.0478
72.39,0.0555
72.36,0.0086
72.30,0.0116
72.29,0.0068
72.24,0.0176
72.11,0.0251
72.09,0.0147
72.02,0.0134
71.95,0.0231
71.93,0.0907
71.82,0.0065
71.78,0.0165
71.72,0.0080
71.67,0.0384
71.66,0.0113
71.54,0.0426
71.49,0.0368
71.39,0.0373
71.34,0.0198
71.29,0.0026
71.18,0.0143
71.11,0.0348
71.09,0.0669
71.00,0.0140
70.97,0.0657
70.94,0.0158
70.87,0.0348
70.78,0.0272
70.78,0.0162
70.72,0.0186
70.67,0.0070
70.59,0.0334
70.56,0.0745
70.54,0.0023
70.42,0.0276
70.40,0.0475
70.38,0.0207
70.26,0.0126
70.23,0.0547
70.20,0.0316
70.13,0.0057
70.10,0.0125
70.03,0.0034
69.98,0.0195
69.94,0.0414
69.84,0.0679
69.80,0.0028
69.79,0.0326
69.72,0.0034
69.66,0.0446
69.61,0.0020
69.58,0.0172
69.49,0.0125
69.46,0.0434
69.39,0.0020
69.34,0.0318
69.28,0.0067
69.21,0.0115
69.20,0.0276
69.14,0.0060
69.09,0.0025
69.03,0.0088
68.98,0.0355
68.92,0.0080
68.87,0.0096
68.85,0.0055
68.84,0.0379
68.83,0.0288
68.68,0.0255
68.62,0.0743
68.53,0.0635
68.49,0.0318
68.40,0.0345
68.34,0.0437
68.32,0.0024
68.31,0.0161
68.19,0.0260
68.18,0.0561
68.12,0.0333
68.08,0.0079
68.06,0.0773
68.02,0.0015
67.98,0.0070
67.94,0.0521
67.82,0.0233
67.79,0.0045
67.77,0.0193
67.73,0.0088
67.70,0.0229
67.66,0.0067
67.60,0.0075
67.59,0.0100
67.52,0.0080
67.50,0.0102
67.44,0.0254
67.43,0.0187
67.36,0.0187
67.30,0.0048
67.29,0.0293
67.24,0.0146
67.15,0.0292
67.07,0.0228
67.07,0.0371
67.02,0.0651
67.01,0.0146
66.95,0.0140
66.90,0.0095
66.86,0.0068
66.84,0.0180
66.76,0.0343
66.68,0.0113
66.63,0.0094
66.59,0.0465
66.54,0.0306
66.52,0.0011
66.48,0.0010
66.42,0.0076
66.40,0.0245
66.32,0.0245
66.27,0.0139
66.22,0.0061
66.19,0.0106
66.12,0.0081
66.11,0.0082
66.08,0.0861
66.05,0.0266
65.99,0.0044
65.96,0.0053
65.93,0.0206
65.85,0.0323
65.82,0.0198
65.79,0.0191
65.70,0.0683
65.64,0.0456
65.61,0.0177
65.58,0.0186
65.52,0.0151
65.47,0.0097
65.44,0.0159
65.36,0.0090
65.34,0.0958
65.31,0.0118
65.27,0.0482
65.23,0.0266
65.18,0.0329
65.16,0.0437
65.15,0.0136
65.12,0.0314
65.07,0.0077
65.01,0.0259
64.95,0.0196
64.89,0.0259
64.84,0.0320
64.82,0.0200
64.74,0.0181
64.69,0.0394
64.66,0.0280
64.60,0.0274
64.50,0.0148
64.46,0.0035
64.42,0.0179
64.39,0.0258
64.38,0.0049
64.29,0.0011
64.23,0.0126
64.19,0.0595
64.16,0.0003
64.10,0.0160
64.09,0.0302
64.05,0.0009
64.03,0.0028
64.01,0.0156
63.99,0.0655
63.93,0.0040
63.90,0.0029
63.87,0.0078
63.81,0.0016
63.79,0.0047
63.75,0.0130
63.71,0.0330
63.68,0.0296
63.61,0.0375
63.58,0.0201
63.53,0.0198
63.52,0.0205
63.44,0.0186
63.43,0.0155
63.38,0.0147
63.37,0.0111
63.34,0.0181
63.30,0.0132
63.28,0.0168
63.23,0.0252
63.22,0.0074
63.17,0.0041
63.10,0.0188
63.07,0.0198
63.02,0.0108
62.99,0.0063
62.93,0.0033
62.91,0.0072
62.88,0.0227
62.82,0.0020
62.79,0.0048
62.73,0.0022
62.69,0.0020
62.63,0.0061
62.60,0.0040
62.57,0.0040
62.49,0.0076
62.47,0.0311
62.45,0.0083
62.41,0.0050
62.38,0.0174
62.32,0.0051
62.31,0.0031
62.28,0.0127
62.27,0.0784
62.23,0.0076
62.19,0.0074
62.17,0.0234
62.14,0.0314
62.11,0.0102
62.06,0.0142
62.03,0.0087
61.97,0.0113
61.96,0.0194
61.92,0.0097
61.91,0.0043
61.85,0.0141
61.84,0.0031
61.82,0.0067
61.79,0.0233
61.74,0.0713
61.72,0.0217
61.67,0.0050
61.61,0.0088
61.57,0.0139
61.56,0.0284
61.51,0.0053
61.49,0.0265
61.47,0.0101
61.44,0.0079
61.42,0.0110
61.40,0.0092
61.35,0.0131
61.31,0.0060
61.30,0.0070
61.27,0.0211
61.23,0.0022
61.14,0.0128
61.11,0.0058
61.09,0.0037
61.05,0.0254
61.02,0.0170
60.99,0.0040
60.96,0.0017
60.88,0.0196
60.85,0.0067
60.85,0.0074
60.82,0.0041
60.78,0.0066
60.73,0.0066
60.70,0.0134
60.66,0.0181
60.59,0.0221
60.54,0.0252
60.51,0.0127
60.48,0.0025
60.47,0.0002
60.44,0.0048
60.42,0.0116
60.39,0.0059
60.32,0.0164
60.30,0.0067
60.25,0.0269
60.24,0.0143
60.19,0.0092
60.15,0.0019
60.15,0.0058
60.12,0.0239
60.10,0.0557
60.05,0.0071
60.00,0.0250
59.97,0.0052
59.95,0.0234
59.92,0.0076
59.88,0.0219
59.86,0.0836
59.82,0.0335
59.81,0.0442
59.79,0.0066
59.73,0.0128
59.70,0.0204
59.69,0.0043
59.66,0.0255
59.61,0.0033
59.60,0.0022
59.55,0.0066
59.53,0.0083
59.50,0.0201
59.46,0.0135
59.43,0.0132
59.37,0.0178
59.35,0.0130
59.33,0.0116
59.30,0.0075
59.24,0.0206
59.21,0.0046
59.20,0.0123
59.17,0.0062
59.12,0.0246
59.11,0.0040
59.04,0.0018
59.02,0.0051
58.99,0.0157
58.92,0.0078
58.91,0.0143
58.90,0.0018
58.87,0.0124
58.84,0.0292
58.81,0.0045
58.78,0.0109
58.77,0.0073
58.72,0.0231
58.64,0.0170
58.62,0.0045
58.62,0.0061
58.55,0.0370
58.53,0.0071
58.51,0.0026
58.48,0.0140
58.44,0.0207
58.41,0.0036
58.41,0.0134
58.39,0.0100
58.33,0.0029
58.30,0.0063
58.25,0.0047
58.21,0.0150
58.20,0.0150
58.17,0.0156
58.15,0.0046
58.12,0.0168
58.10,0.0015
58.06,0.0041
58.04,0.0054
58.03,0.0153
58.00,0.0183
57.96,0.0152
57.95,0.0312
57.90,0.0210
57.86,0.0157
57.83,0.0133
57.79,0.0044
57.75,0.0024
57.70,0.0056
57.67,0.0214
57.66,0.0193
57.63,0.0216
57.59,0.0108
57.58,0.0398
57.56,0.0091
57.52,0.0153
57.51,0.0226
57.50,0.0122
57.48,0.0045
57.43,0.0191
57.38,0.0343
57.36,0.0308
57.33,0.0095
57.29,0.0206
57.26,0.0064
57.25,0.0068
57.21,0.0131
57.19,0.0227
57.17,0.0117
57.13,0.0059
57.09,0.0090
57.09,0.0002
57.07,0.0045
57.01,0.0124
56.98,0.0233
56.95,0.0031
56.95,0.0032
56.91,0.0084
56.89,0.0095
56.84,0.0178
56.81,0.0075
56.77,0.0038
56.76,0.0045
56.74,0.0117
56.73,0.0068
56.70,0.0012
56.67,0.0027
56.65,0.0023
56.63,0.0053
56.58,0.0252
56.52,0.0019
56.50,0.0038
56.49,0.0035
56.47,0.0056
56.43,0.0171
56.40,0.0153
56.37,0.0230
56.33,0.0058
56.30,0.0113
56.25,0.0237
56.21,0.0370
56.21,0.0031
56.18,0.0088
56.17,0.0114
56.12,0.0074
56.11,0.0146
56.07,0.0325
56.05,0.0110
56.03,0.0208
55.99,0.0241
55.97,0.0057
55.95,0.0117
55.93,0.0011
55.90,0.0156
55.87,0.0024
55.86,0.0132
55.80,0.0090
55.77,0.0004
55.75,0.0199
55.75,0.0223
55.70,0.0300
55.68,0.0155
55.63,0.0086
55.59,0.0234
55.56,0.0127
55.53,0.0147
55.51,0.0118
55.50,0.0097
55.47,0.0234
55.44,0.0301
55.41,0.0015
55.40,0.0063
55.36,0.0123
55.36,0.0028
55.33,0.0074
55.31,0.0231
55.26,0.0067
55.24,0.0052
55.21,0.0056
55.19,0.0126
55.16,0.0028
55.12,0.0015
55.11,0.0040
55.09,0.0094
55.06,0.0021
55.02,0.0021
55.01,0.0098
54.99,0.0082
54.96,0.0120
54.91,0.0059
54.88,0.0320
54.86,0.0073
54.86,0.0014
54.83,0.0099
54.80,0.0034
54.79,0.0040
54.76,0.0218
54.75,0.0176
54.72,0.0046
54.69,0.0162
54.66,0.0200
54.61,0.0168
54.60,0.0037
54.58,0.0077
54.55,0.0286
54.53,0.0184
54.51,0.0122
54.49,0.0406
54.48,0.0569
54.43,0.0010
54.43,0.0067
54.41,0.0100
54.37,0.0369
54.35,0.0125
54.33,0.0064
54.31,0.0271
54.27,0.0449
54.24,0.0072
54.22,0.0313
54.20,0.0026
54.18,0.0199
54.14,0.0231
54.14,0.0116
54.06,0.0582
54.04,0.0175
54.03,0.0034
54.02,0.0018
53.99,0.0030
53.96,0.0260
53.94,0.0316
53.88,0.0309
53.88,0.0160
53.83,0.0046
53.80,0.0308
53.79,0.0029
53.76,0.0178
53.75,0.0030
53.73,0.0311
53.70,0.0317
53.68,0.0128
53.66,0.0064
53.64,0.0256
53.59,0.0044
53.55,0.0085
53.52,0.0075
53.52,0.0012
53.50,0.0167
53.46,0.0101
53.46,0.0049
53.40,0.0156
53.39,0.0275
53.35,0.0078
53.30,0.0045
53.29,0.0005
53.25,0.0023
53.21,0.0114
53.18,0.0117
53.17,0.0371
53.15,0.0167
53.14,0.0106
53.10,0.0170
53.09,0.0035
53.07,0.0150
53.07,0.0248
53.03,0.0013
52.99,0.0035
52.98,0.0026
52.95,0.0194
52.92,0.0021
52.91,0.0078
52.89,0.0110
52.86,0.0146
52.83,0.0044
52.80,0.0222
52.79,0.0025
52.76,0.0064
52.73,0.0374
52.73,0.0270
52.70,0.0022
52.65,0.0137
52.61,0.0179
52.59,0.0333
52.58,0.0055
52.57,0.0077
52.54,0.0442
52.52,0.0094
52.48,0.0086
52.47,0.0120
52.44,0.0094
52.42,0.0032
52.38,0.0265
52.36,0.0041
52.34,0.0082
52.33,0.0076
52.32,0.0121
52.29,0.0055
52.28,0.0257
52.25,0.0028
52.23,0.0391
52.21,0.0132
52.18,0.0195
52.17,0.0061
52.16,0.0011
52.13,0.0186
52.08,0.0099
52.07,0.0202
52.05,0.0046
52.02,0.0012
52.00,0.0029
51.99,0.0121
51.97,0.0038
51.96,0.0199
51.93,0.0075
51.92,0.0049
51.88,0.0196
51.87,0.0163
51.85,0.0040
51.85,0.0167
51.82,0.0264
51.79,0.0156
51.78,0.0030
51.76,0.0094
51.73,0.0020
51.72,0.0232
51.67,0.0216
51.63,0.0186
51.63,0.0266
51.58,0.0398
51.56,0.0021
51.53,0.0028
51.51,0.0043
51.48,0.0185
51.46,0.0245
51.43,0.0291
51.40,0.0070
51.37,0.0082
51.35,0.0031
51.33,0.0087
51.31,0.0138
51.29,0.0042
51.28,0.0176
51.22,0.0592
51.20,0.0146
51.19,0.0217
51.17,0.0213
51.17,0.0082
51.15,0.0122
51.13,0.0221
51.10,0.0263
51.08,0.0031
51.03,0.0408
51.03,0.0095
51.00,0.0201
50.98,0.0024
50.97,0.0203
50.93,0.0189
50.91,0.0209
50.87,0.0120
50.85,0.0054
50.84,0.0052
50.82,0.0200
50.78,0.0113
50.77,0.0175
50.77,0.0091
50.73,0.0150
50.71,0.0033
50.69,0.0041
50.66,0.0020
50.65,0.0142
50.63,0.0324
50.59,0.0120
50.57,0.0335
50.55,0.0355
50.53,0.0275
50.50,0.0045
50.48,0.0115
50.47,0.0122
50.44,0.0108
50.42,0.0087
50.40,0.0186
50.37,0.0326
50.36,0.0314
50.34,0.0028
50.31,0.0152
50.29,0.0028
50.28,0.0295
50.24,0.0252
50.22,0.0237
50.18,0.0101
50.16,0.0388
50.15,0.0156
50.12,0.0054
50.10,0.0249
50.07,0.0038
50.06,0.0027
50.04,0.0339
50.02,0.0062
49.98,0.0187
49.96,0.0313
49.95,0.0085
49.94,0.0083
49.92,0.0095
49.91,0.0528
49.89,0.0145
49.86,0.0085
49.84,0.0023
49.81,0.0124
49.79,0.0425
49.77,0.0139
49.76,0.0107
49.74,0.0057
49.72,0.0945
49.69,0.0062
49.68,0.0071
49.66,0.0131
49.65,0.0406
49.63,0.0301
49.61,0.0621
49.58,0.0211
49.57,0.0009
49.56,0.0047
49.54,0.0074
49.52,0.0076
49.48,0.0169
49.47,0.0140
49.44,0.0014
49.43,0.0128
49.41,0.0052
49.39,0.0019
49.36,0.0108
49.35,0.0039
49.32,0.0018
49.30,0.0080
49.27,0.0312
49.25,0.0091
49.23,0.0221
49.21,0.0086
49.19,0.0357
49.18,0.0114
49.13,0.0141
49.12,0.0170
49.10,0.0087
49.08,0.0014
49.06,0.0064
49.03,0.0035
49.01,0.0177
48.99,0.0175
48.96,0.0027
48.95,0.0306
48.94,0.0158
48.90,0.0182
48.87,0.0028
48.87,0.0035
48.85,0.0126
48.81,0.0094
48.79,0.0108
48.78,0.0129
48.76,0.0030
48.73,0.0144
48.69,0.0163
48.67,0.0035
48.66,0.0048
48.65,0.0067
48.61,0.0233
48.60,0.0155
48.57,0.0041
48.56,0.0120
48.54,0.0063
48.53,0.0109
48.51,0.0009
48.48,0.0076
48.47,0.0072
48.46,0.0137
48.45,0.0147
48.40,0.0078
48.39,0.0122
48.36,0.0054
48.34,0.0141
48.32,0.0152
48.29,0.0222
48.28,0.0125
48.25,0.0076
48.22,0.0101
48.22,0.0078
48.20,0.0075
48.18,0.0080
48.18,0.0102
48.16,0.0020
48.13,0.0056
48.12,0.0264
48.10,0.0291
48.08,0.0154
48.04,0.0105
48.03,0.0050
47.98,0.0088
47.96,0.0049
47.95,0.0058
47.94,0.0093
47.91,0.0055
47.90,0.0051
47.88,0.0202
47.87,0.0069
47.85,0.0084
47.82,0.0037
47.81,0.0196
47.80,0.0241
47.77,0.0160
47.76,0.0187
47.73,0.0104
47.71,0.0094
47.69,0.0033
47.68,0.0082
47.64,0.0353
47.63,0.0213
47.60,0.0114
47.59,0.0247
47.57,0.0283
47.57,0.0055
47.54,0.0086
47.49,0.0124
47.46,0.0166
47.44,0.0222
47.43,0.0031
47.41,0.0004
47.40,0.0198
47.40,0.0014
47.35,0.0122
47.33,0.0214
47.32,0.0044
47.29,0.0394
47.27,0.0002
47.25,0.0082
47.24,0.0215
47.22,0.0156
47.20,0.0149
47.17,0.0059
47.15,0.0013
47.14,0.0018
47.14,0.0059
47.13,0.0023
47.11,0.0091
47.08,0.0012
47.07,0.0103
47.05,0.0437
47.04,0.0069
47.00,0.0043
46.99,0.0135
46.97,0.0160
46.94,0.0391
46.93,0.0140
46.92,0.0084
46.91,0.0213
46.89,0.0035
46.88,0.0130
46.87,0.0083
46.81,0.0263
46.80,0.0089
46.77,0.0046
46.76,0.0013
46.74,0.0081
46.71,0.0149
46.68,0.0024
46.67,0.0242
46.63,0.0272
46.61,0.0078
46.60,0.0089
46.58,0.0529
46.57,0.0077
46.54,0.0126
46.53,0.0480
46.51,0.0056
46.50,0.0019
46.45,0.0130
46.44,0.0036
46.42,0.0029
46.39,0.0132
46.37,0.0025
46.37,0.0159
46.34,0.0057
46.31,0.0066
46.29,0.0030
46.26,0.0060
46.24,0.0065
46.22,0.0045
46.20,0.0126
46.18,0.0013
46.16,0.0492
46.15,0.0020
46.14,0.0096
46.11,0.0058
46.10,0.0017
46.08,0.0038
46.07,0.0131
46.04,0.0218
46.01,0.0140
46.00,0.0134
45.99,0.0088
45.97,0.0033
45.94,0.0035
45.92,0.0031
45.92,0.0159
45.89,0.0035
45.87,0.0086
45.86,0.0285
45.84,0.0114
45.82,0.0159
45.80,0.0071
45.78,0.0010
45.77,0.0245
45.76,0.0049
45.75,0.0095
45.74,0.0137
45.73,0.0020
45.70,0.0203
45.68,0.0046
45.66,0.0022
45.65,0.0028
45.63,0.0385
45.62,0.0018
45.59,0.0231
45.59,0.0148
45.58,0.0242
45.56,0.0150
45.53,0.0052
45.52,0.0237
45.49,0.0188
45.49,0.0128
45.45,0.0303
45.45,0.0140
45.41,0.0093
45.39,0.0146
45.38,0.0069
45.36,0.0024
45.34,0.0078
45.32,0.0166
45.31,0.0108
45.29,0.0036
45.28,0.0144
45.25,0.0121
45.23,0.0043
45.22,0.0226
45.21,0.0467
45.19,0.0049
45.18,0.0086
45.15,0.0167
45.12,0.0171
45.10,0.0077
45.09,0.0043
45.08,0.0009
45.07,0.0137
45.04,0.0058
45.01,0.0083
45.00,0.0060
44.98,0.0101
44.97,0.0110
44.96,0.0045
44.95,0.0037
44.94,0.0228
44.91,0.0093
44.90,0.0167
44.86,0.0327
44.85,0.0045
44.83,0.0283
44.81,0.0035
44.80,0.0095
44.78,0.0089
44.75,0.0104
44.74,0.0046
44.71,0.0225
44.71,0.0106
44.69,0.0485
44.67,0.0187
44.67,0.0106
44.64,0.0020
44.62,0.0142
44.60,0.0017
44.58,0.0179
44.53,0.0085
44.51,0.0115
44.49,0.0059
44.49,0.0206
44.47,0.0032
44.45,0.0143
44.42,0.0085
44.42,0.0234
44.39,0.0149
44.37,0.0062
44.36,0.0122
44.34,0.0121
44.30,0.0344
44.29,0.0492
44.27,0.0088
44.22,0.0042
44.19,0.0063
44.19,0.0015
44.18,0.0147
44.14,0.0367
44.12,0.0193
44.10,0.0031
44.08,0.0077
44.06,0.0047
44.03,0.0060
44.00,0.0003
43.98,0.0184
43.97,0.0019
43.95,0.0201
43.92,0.0039
43.91,0.0063
43.90,0.0073
43.88,0.0050
43.85,0.0050
43.83,0.0009
43.80,0.0101
43.78,0.0144
43.76,0.0286
43.75,0.0064
43.72,0.0239
43.70,0.0028
43.69,0.0147
43.67,0.0065
43.66,0.0075
43.65,0.0040
43.62,0.0016
43.61,0.0042
43.59,0.0079
43.58,0.0023
43.56,0.0041
43.53,0.0030
43.51,0.0032
43.50,0.0140
43.49,0.0185
43.48,0.0047
43.47,0.0087
43.44,0.0027
43.42,0.0069
43.40,0.0213
43.38,0.0185
43.38,0.0056
43.35,0.0054
43.34,0.0120
43.31,0.0002
43.29,0.0215
43.27,0.0043
43.26,0.0023
43.25,0.0058
43.24,0.0086
43.22,0.0057
43.22,0.0082
43.19,0.0018
43.17,0.0137
43.15,0.0090
43.14,0.0116
43.12,0.0117
43.11,0.0082
43.09,0.0024
43.09,0.0024
43.05,0.0120
43.02,0.0045
43.01,0.0138
42.96,0.0243
42.95,0.0077
42.92,0.0055
42.91,0.0230
42.89,0.0089
42.87,0.0194
42.85,0.0028
42.85,0.0068
42.84,0.0091
42.78,0.0197
42.77,0.0059
42.75,0.0093
42.73,0.0072
42.71,0.0027
42.70,0.0070
42.69,0.0060
42.68,0.0178
42.67,0.0006
42.64,0.0119
42.61,0.0075
42.58,0.0024
42.57,0.0058
42.56,0.0075
42.53,0.0141
42.52,0.0217
42.49,0.0260
42.47,0.0012
42.46,0.0080
42.44,0.0034
42.41,0.0045
42.40,0.0004
42.38,0.0030
42.37,0.0002
42.36,0.0088
42.34,0.0077
42.33,0.0103
42.31,0.0099
42.29,0.0040
42.29,0.0069
42.26,0.0297
42.24,0.0038
42.23,0.0113
42.23,0.0095
42.21,0.0036
42.19,0.0046
42.18,0.0011
42.17,0.0534
42.15,0.0319
42.15,0.0091
42.13,0.0078
42.09,0.0014
42.07,0.0048
42.06,0.0052
42.03,0.0057
42.02,0.0024
41.99,0.0010
41.98,0.0107
41.97,0.0034
41.95,0.0050
41.94,0.0154
41.94,0.0056
41.93,0.0039
41.87,0.0161
41.86,0.0053
41.84,0.0199
41.83,0.0025
41.81,0.0009
41.79,0.0066
41.76,0.0138
41.75,0.0115
41.74,0.0019
41.73,0.0174
41.71,0.0185
41.70,0.0144
41.70,0.0075
41.67,0.0079
41.63,0.0062
41.62,0.0225
41.61,0.0115
41.60,0.0189
41.57,0.0043
41.56,0.0058
41.54,0.0045
41.53,0.0025
41.51,0.0010
41.49,0.0129
41.47,0.0001
41.46,0.0188
41.43,0.0109
41.42,0.0045
41.40,0.0154
41.39,0.0103
41.38,0.0115
41.36,0.0155
41.34,0.0202
41.32,0.0054
41.29,0.0061
41.26,0.0017
41.25,0.0171
41.23,0.0013
41.19,0.0153
41.17,0.0102
41.15,0.0047
41.14,0.0080
41.12,0.0008
41.11,0.0074
41.07,0.0073
41.05,0.0140
41.04,0.0045
41.02,0.0115
41.00,0.0048
40.97,0.0103
40.95,0.0065
40.95,0.0007
40.94,0.0052
40.91,0.0013
40.90,0.0026
40.88,0.0123
40.86,0.0123
40.84,0.0032
40.82,0.0009
40.81,0.0025
40.79,0.0077
40.77,0.0062
40.76,0.0135
40.73,0.0074
40.72,0.0011
40.71,0.0084
40.68,0.0071
40.65,0.0052
40.65,0.0155
40.63,0.0005
40.62,0.0014
40.62,0.0251
40.61,0.0063
40.59,0.0022
40.55,0.0068
40.54,0.0019
40.52,0.0130
40.49,0.0025
40.49,0.0039
40.47,0.0018
40.47,0.0010
40.44,0.0038
40.41,0.0105
40.40,0.0062
40.38,0.0045
40.36,0.0048
40.35,0.0181
40.33,0.0072
40.31,0.0455
40.31,0.0076
40.28,0.0224
40.26,0.0129
40.25,0.0030
40.22,0.0014
40.22,0.0159
40.21,0.0099
40.18,0.0161
40.17,0.0348
40.13,0.0076
40.11,0.0016
40.10,0.0039
40.09,0.0012
40.08,0.0070
40.06,0.0046
40.05,0.0023
40.03,0.0072
40.01,0.0103
39.99,0.0036
39.98,0.0077
39.94,0.0134
39.93,0.0081
39.91,0.0063
39.90,0.0100
39.89,0.0111
39.87,0.0019
39.86,0.0034
39.84,0.0029
39.82,0.0045
39.81,0.0204
39.77,0.0096
39.77,0.0040
39.74,0.0211
39.72,0.0021
39.72,0.0067
39.70,0.0078
39.65,0.0040
39.64,0.0066
39.63,0.0031
39.60,0.0043
39.58,0.0037
39.57,0.0042
39.55,0.0073
39.54,0.0082
39.53,0.0054
39.51,0.0063
39.49,0.0021
39.47,0.0037
39.44,0.0061
39.42,0.0022
39.41,0.0048
39.39,0.0138
39.37,0.0017
39.34,0.0102
39.33,0.0016
39.31,0.0053
39.30,0.0013
39.28,0.0074
39.25,0.0287
39.23,0.0020
39.22,0.0146
39.20,0.0031
39.18,0.0011
39.17,0.0023
39.14,0.0041
39.11,0.0152
39.10,0.0012
39.09,0.0049
39.08,0.0051
39.05,0.0099
39.02,0.0041
39.00,0.0041
39.00,0.0031
38.99,0.0005
38.97,0.0008
38.92,0.0029
38.91,0.0260
38.90,0.0088
38.89,0.0179
38.86,0.0083
38.84,0.0017
38.82,0.0091
38.80,0.0048
38.78,0.0020
38.77,0.0054
38.75,0.0049
38.74,0.0068
38.71,0.0349
38.70,0.0176
38.69,0.0117
38.65,0.0122
38.63,0.0005
38.62,0.0008
38.59,0.0066
38.57,0.0008
38.56,0.0126
38.55,0.0089
38.54,0.0166
38.50,0.0034
38.49,0.0032
38.47,0.0171
38.46,0.0039
38.45,0.0032
38.41,0.0054
38.40,0.0110
38.38,0.0032
38.35,0.0005
38.33,0.0043
38.32,0.0069
38.30,0.0086
38.28,0.0073
38.27,0.0027
38.24,0.0103
38.23,0.0138
38.22,0.0256
38.20,0.0053
38.19,0.0059
38.17,0.0152
38.16,0.0027
38.14,0.0003
38.12,0.0098
38.10,0.0119
38.08,0.0168
38.06,0.0066
38.04,0.0017
38.03,0.0018
38.02,0.0035
37.99,0.0189
37.96,0.0153
37.95,0.0170
37.93,0.0131
37.92,0.0019
37.91,0.0017
37.88,0.0012
37.87,0.0042
37.84,0.0288
37.83,0.0004
37.82,0.0068
37.81,0.0020
37.80,0.0042
37.76,0.0001
37.76,0.0100
37.75,0.0040
37.73,0.0042
37.71,0.0005
37.70,0.0075
37.69,0.0024
37.68,0.0043
37.66,0.0020
37.65,0.0031
37.63,0.0011
37.61,0.0108
37.60,0.0257
37.58,0.0090
37.56,0.0031
37.55,0.0090
37.54,0.0035
37.52,0.0012
37.49,0.0017
37.48,0.0096
37.46,0.0037
37.46,0.0137
37.45,0.0094
37.44,0.0142
37.41,0.0027
37.40,0.0073
37.37,0.0234
37.37,0.0044
37.33,0.0088
37.31,0.0003
37.30,0.0012
37.27,0.0000
37.26,0.0024
37.24,0.0040
37.22,0.0062
37.21,0.0099
37.18,0.0010
37.16,0.0012
37.15,0.0048
37.14,0.0029
37.11,0.0011
37.08,0.0065
37.07,0.0012
37.03,0.0051
37.02,0.0028
36.99,0.0020
36.97,0.0006
36.96,0.0081
36.93,0.0014
36.92,0.0116
36.91,0.0001
36.88,0.0032
36.88,0.0097
36.84,0.0015
36.83,0.0039
36.82,0.0015
36.80,0.0007
36.79,0.0006
36.78,0.0054
36.77,0.0035
36.74,0.0023
36.72,0.0013
36.70,0.0131
36.68,0.0039
36.67,0.0090
36.65,0.0126
36.63,0.0018
36.63,0.0102
36.61,0.0031
36.58,0.0251
36.56,0.0161
36.55,0.0117
36.52,0.0044
36.50,0.0045
36.48,0.0032
36.46,0.0185
36.45,0.0046
36.43,0.0067
36.41,0.0077
36.39,0.0025
36.37,0.0007
36.36,0.0028
36.34,0.0056
36.33,0.0112
36.32,0.0013
36.29,0.0034
36.27,0.0024
36.27,0.0030
36.25,0.0065
36.23,0.0082
36.22,0.0084
36.21,0.0014
36.19,0.0007
36.15,0.0078
36.15,0.0067
36.14,0.0047
36.12,0.0058
36.11,0.0004
36.10,0.0120
36.07,0.0200
36.05,0.0051
36.04,0.0057
36.02,0.0060
36.01,0.0027
35.99,0.0025
35.98,0.0047
35.97,0.0050
35.96,0.0010
35.95,0.0021
35.91,0.0093
35.90,0.0009
35.88,0.0077
35.87,0.0094
35.85,0.0012
35.83,0.0017
35.82,0.0035
35.79,0.0008
35.78,0.0022
35.76,0.0130
35.75,0.0046
35.74,0.0006
35.73,0.0042
35.70,0.0004
35.68,0.0013
35.67,0.0044
35.67,0.0025
35.65,0.0067
35.64,0.0023
35.62,0.0026
35.60,0.0052
35.59,0.0051
35.59,0.0007
35.55,0.0006
35.55,0.0057
35.49,0.0176
35.49,0.0078
35.47,0.0005
35.46,0.0062
35.45,0.0040
35.44,0.0039
35.42,0.0101
35.41,0.0015
35.40,0.0013
35.38,0.0020
35.35,0.0065
35.32,0.0030
35.29,0.0003
35.29,0.0178
35.27,0.0095
35.25,0.0055
35.23,0.0150
35.23,0.0005
35.21,0.0020
35.21,0.0001
35.20,0.0092
35.19,0.0016
35.16,0.0086
35.15,0.0015
35.13,0.0063
35.10,0.0011
35.10,0.0046
35.08,0.0037
35.05,0.0011
35.02,0.0075
35.02,0.0024
34.99,0.0100
34.97,0.0039
34.97,0.0019
34.93,0.0056
34.92,0.0104
34.90,0.0001
34.86,0.0011
34.85,0.0011
34.85,0.0017
34.83,0.0010
34.80,0.0017
34.77,0.0044
34.75,0.0029
34.73,0.0201
34.71,0.0027
34.70,0.0083
34.69,0.0018
34.65,0.0073
34.64,0.0043
34.61,0.0003
34.60,0.0155
34.59,0.0013
34.57,0.0051
34.55,0.0015
34.52,0.0036
34.51,0.0050
34.49,0.0009
34.47,0.0015
34.47,0.0082
34.46,0.0018
34.42,0.0052
34.41,0.0020
34.40,0.0014
34.39,0.0013
34.38,0.0005
34.37,0.0071
34.36,0.0064
34.34,0.0002
34.34,0.0069
34.33,0.0063
34.31,0.0041
34.30,0.0009
34.28,0.0026
34.27,0.0033
34.26,0.0034
34.25,0.0020
34.24,0.0070
34.20,0.0062
34.19,0.0074
34.18,0.0142
34.17,0.0060
34.14,0.0063
34.13,0.0041
34.12,0.0207
34.10,0.0097
34.09,0.0009
34.08,0.0028
34.05,0.0027
34.04,0.0058
34.02,0.0032
34.00,0.0052
33.99,0.0045
33.97,0.0021
33.96,0.0072
33.95,0.0025
33.93,0.0024
33.93,0.0072
33.91,0.0156
33.88,0.0056
33.87,0.0000
33.87,0.0168
33.84,0.0044
33.83,0.0040
33.81,0.0013
33.78,0.0020
33.77,0.0039
33.76,0.0030
33.75,0.0031
33.72,0.0072
33.69,0.0060
33.68,0.0026
33.67,0.0014
33.66,0.0008
33.64,0.0016
33.62,0.0028
33.61,0.0020
33.60,0.0014
33.58,0.0014
33.56,0.0025
33.56,0.0064
33.54,0.0001
33.53,0.0036
33.52,0.0004
33.51,0.0014
33.49,0.0050
33.47,0.0183
33.46,0.0015
33.44,0.0008
33.42,0.0011
33.41,0.0010
33.38,0.0035
33.37,0.0058
33.36,0.0012
33.35,0.0019
33.32,0.0047
33.31,0.0034
33.29,0.0009
33.26,0.0008
33.25,0.0123
33.25,0.0010
33.24,0.0002
33.22,0.0016
33.22,0.0037
33.20,0.0039
33.19,0.0002
33.18,0.0045
33.16,0.0130
33.14,0.0046
33.13,0.0014
33.10,0.0038
33.07,0.0016
33.07,0.0031
33.05,0.0012
33.04,0.0024
33.04,0.0033
33.01,0.0050
32.99,0.0094
32.99,0.0080
32.97,0.0046
32.96,0.0005
32.94,0.0033
32.92,0.0033
32.91,0.0033
32.89,0.0157
32.84,0.0011
32.83,0.0013
32.81,0.0021
32.80,0.0051
32.79,0.0037
32.77,0.0014
32.76,0.0025
32.74,0.0030
32.74,0.0016
32.72,0.0027
32.71,0.0022
32.70,0.0030
32.68,0.0034
32.66,0.0010
32.64,0.0030
32.63,0.0035
32.59,0.0037
32.58,0.0024
32.57,0.0043
32.55,0.0011
32.53,0.0002
32.52,0.0012
32.50,0.0053
32.49,0.0053
32.47,0.0048
32.44,0.0008
32.43,0.0020
32.41,0.0010
32.39,0.0026
32.39,0.0048
32.36,0.0044
32.35,0.0039
32.34,0.0041
32.32,0.0012
32.30,0.0047
32.28,0.0024
32.28,0.0009
32.27,0.0010
32.25,0.0036
32.25,0.0050
32.23,0.0007
32.21,0.0040
32.20,0.0058
32.20,0.0007
32.18,0.0024
32.17,0.0228
32.13,0.0017
32.12,0.0010
32.12,0.0013
32.10,0.0054
32.09,0.0017
32.09,0.0057
32.06,0.0001
32.05,0.0068
32.01,0.0005
32.01,0.0026
32.01,0.0046
31.99,0.0007
31.96,0.0005
31.95,0.0007
31.94,0.0002
31.93,0.0050
31.92,0.0049
31.90,0.0005
31.87,0.0093
31.86,0.0031
31.85,0.0002
31.84,0.0050
31.83,0.0040
31.81,0.0028
31.80,0.0019
31.79,0.0008
31.79,0.0027
31.77,0.0027
31.75,0.0029
31.74,0.0092
31.72,0.0024
31.71,0.0032
31.70,0.0128
31.67,0.0153
31.66,0.0034
31.66,0.0023
31.65,0.0009
31.64,0.0042
31.63,0.0085
31.63,0.0026
31.61,0.0001
31.59,0.0025
31.58,0.0047
31.57,0.0030
31.54,0.0065
31.53,0.0009
31.51,0.0011
31.50,0.0043
31.49,0.0031
31.47,0.0056
31.47,0.0044
31.45,0.0025
31.45,0.0051
31.43,0.0026
31.43,0.0055
31.40,0.0074
31.39,0.0062
31.37,0.0022
31.35,0.0043
31.34,0.0051
31.34,0.0012
31.29,0.0022
31.28,0.0058
31.26,0.0041
31.25,0.0030
31.22,0.0060
31.21,0.0042
31.20,0.0016
31.19,0.0007
31.18,0.0021
31.16,0.0104
31.15,0.0013
31.14,0.0103
31.13,0.0000
31.09,0.0031
31.08,0.0056
31.07,0.0141
31.06,0.0006
31.04,0.0015
31.03,0.0077
31.00,0.0003
30.98,0.0011
30.96,0.0049
30.95,0.0011
30.94,0.0030
30.93,0.0044
30.92,0.0161
30.91,0.0012
30.90,0.0015
30.87,0.0145
30.85,0.0068
30.84,0.0006
30.83,0.0050
30.80,0.0042
30.79,0.0025
30.77,0.0103
30.77,0.0066
30.75,0.0049
30.74,0.0031
30.73,0.0033
30.72,0.0026
30.70,0.0005
30.70,0.0001
30.68,0.0070
30.66,0.0095
30.66,0.0020
30.64,0.0015
30.63,0.0023
30.61,0.0028
30.60,0.0142
30.58,0.0066
30.58,0.0072
30.56,0.0003
30.54,0.0050
30.53,0.0016
30.51,0.0029
30.47,0.0009
30.46,0.0025
30.45,0.0019
30.45,0.0015
30.43,0.0086
30.42,0.0051
30.40,0.0032
30.38,0.0018
30.37,0.0014
30.37,0.0121
30.36,0.0021
30.33,0.0088
30.31,0.0073
30.30,0.0071
30.29,0.0070
30.28,0.0039
30.26,0.0000
30.24,0.0034
30.23,0.0018
30.22,0.0022
30.20,0.0027
30.17,0.0034
30.16,0.0011
30.15,0.0006
30.14,0.0033
30.12,0.0024
30.11,0.0071
30.09,0.0040
30.08,0.0018
30.07,0.0050
30.06,0.0001
30.05,0.0020
30.03,0.0030
30.03,0.0005
30.01,0.0038
30.00,0.0070
29.97,0.0082
29.97,0.0021
29.95,0.0013
29.93,0.0074
29.92,0.0031
29.91,0.0023
29.90,0.0029
29.88,0.0011
29.88,0.0004
29.87,0.0038
29.86,0.0078
29.83,0.0053
29.82,0.0009
29.81,0.0044
29.78,0.0025
29.78,0.0013
29.76,0.0024
29.74,0.0010
29.74,0.0048
29.73,0.0005
29.72,0.0022
29.70,0.0058
29.68,0.0003
29.67,0.0012
29.66,0.0001
29.65,0.0022
29.63,0.0173
29.62,0.0007
29.59,0.0064
29.59,0.0018
29.57,0.0078
29.56,0.0019
29.54,0.0047
29.52,0.0031
29.51,0.0028
29.49,0.0011
29.47,0.0011
29.45,0.0088
29.44,0.0083
29.43,0.0011
29.42,0.0029
29.41,0.0040
29.40,0.0005
29.39,0.0072
29.37,0.0035
29.37,0.0216
29.36,0.0067
29.35,0.0001
29.32,0.0075
29.31,0.0122
29.30,0.0143
29.29,0.0039
29.28,0.0017
29.26,0.0021
29.24,0.0052
29.22,0.0068
29.21,0.0082
29.19,0.0068
29.18,0.0040
29.17,0.0030
29.15,0.0006
29.14,0.0044
29.13,0.0135
29.12,0.0016
29.11,0.0026
29.09,0.0016
29.09,0.0076
29.07,0.0037
29.06,0.0026
29.03,0.0011
29.03,0.0058
29.01,0.0031
29.00,0.0044
28.97,0.0008
28.95,0.0044
28.94,0.0024
28.94,0.0006
28.91,0.0055
28.90,0.0018
28.88,0.0063
28.88,0.0011
28.85,0.0058
28.83,0.0023
28.82,0.0004
28.81,0.0037
28.80,0.0025
28.79,0.0044
28.78,0.0009
28.75,0.0033
28.74,0.0003
28.73,0.0096
28.72,0.0008
28.71,0.0003
28.70,0.0031
28.69,0.0032
28.66,0.0026
28.64,0.0025
28.63,0.0021
28.61,0.0009
28.61,0.0043
28.60,0.0019
28.59,0.0029
28.57,0.0045
28.56,0.0019
28.54,0.0011
28.51,0.0034
28.49,0.0042
28.48,0.0012
28.45,0.0118
28.43,0.0020
28.43,0.0049
28.42,0.0024
28.40,0.0010
28.40,0.0020
28.39,0.0051
28.37,0.0049
28.36,0.0010
28.36,0.0052
28.33,0.0024
28.32,0.0015
28.31,0.0033
28.28,0.0035
28.28,0.0040
28.25,0.0095
28.25,0.0087
28.22,0.0021
28.18,0.0098
28.17,0.0033
28.16,0.0060
28.15,0.0060
28.15,0.0020
28.14,0.0002
28.13,0.0129
28.12,0.0015
28.11,0.0012
28.09,0.0074
28.08,0.0044
28.06,0.0023
28.03,0.0107
28.02,0.0062
28.01,0.0024
27.99,0.0103
27.98,0.0027
27.97,0.0042
27.95,0.0086
27.93,0.0008
27.92,0.0006
27.91,0.0007
27.90,0.0030
27.87,0.0056
27.86,0.0010
27.85,0.0040
27.83,0.0004
27.82,0.0033
27.81,0.0046
27.80,0.0052
27.79,0.0033
27.76,0.0003
27.75,0.0008
27.74,0.0032
27.71,0.0024
27.70,0.0010
27.70,0.0029
27.69,0.0087
27.67,0.0066
27.66,0.0021
27.65,0.0005
27.65,0.0016
27.63,0.0026
27.60,0.0009
27.60,0.0099
27.57,0.0081
27.56,0.0044
27.53,0.0008
27.53,0.0019
27.51,0.0008
27.49,0.0041
27.48,0.0094
27.47,0.0013
27.46,0.0023
27.44,0.0005
27.43,0.0029
27.41,0.0083
27.40,0.0085
27.40,0.0038
27.39,0.0088
27.38,0.0039
27.36,0.0091
27.36,0.0041
27.32,0.0027
27.32,0.0086
27.31,0.0006
27.31,0.0018
27.28,0.0007
27.28,0.0022
27.27,0.0015
27.26,0.0194
27.24,0.0040
27.21,0.0101
27.21,0.0155
27.19,0.0023
27.18,0.0050
27.15,0.0020
27.14,0.0011
27.13,0.0012
27.10,0.0021
27.09,0.0045
27.07,0.0057
27.04,0.0134
27.04,0.0021
27.03,0.0073
27.01,0.0051
27.00,0.0105
26.99,0.0062
26.97,0.0004
26.95,0.0011
26.93,0.0074
26.90,0.0026
26.88,0.0020
26.87,0.0009
26.87,0.0191
26.85,0.0145
26.83,0.0075
26.81,0.0048
26.80,0.0007
26.79,0.0045
26.77,0.0082
26.76,0.0037
26.74,0.0009
26.71,0.0035
26.70,0.0028
26.69,0.0020
26.68,0.0035
26.67,0.0030
26.66,0.0004
26.64,0.0096
26.63,0.0067
26.63,0.0001
26.62,0.0054
26.60,0.0038
26.59,0.0018
26.56,0.0022
26.54,0.0059
26.53,0.0009
26.50,0.0020
26.49,0.0003
26.49,0.0022
26.47,0.0083
26.46,0.0018
26.46,0.0075
26.45,0.0067
26.43,0.0080
26.42,0.0000
26.40,0.0028
26.37,0.0058
26.35,0.0033
26.34,0.0016
26.33,0.0037
26.32,0.0079
26.30,0.0058
26.28,0.0012
26.27,0.0008
26.26,0.0038
26.25,0.0062
26.25,0.0014
26.22,0.0003
26.21,0.0143
26.19,0.0014
26.17,0.0070
26.15,0.0104
26.13,0.0021
26.11,0.0067
26.10,0.0106
26.08,0.0147
26.07,0.0026
26.06,0.0001
26.04,0.0064
26.02,0.0231
26.01,0.0016
25.99,0.0051
25.97,0.0034
25.95,0.0086
25.94,0.0038
25.93,0.0052
25.92,0.0004
25.90,0.0081
25.88,0.0037
25.87,0.0134
25.85,0.0051
25.84,0.0011
25.82,0.0140
25.79,0.0054
25.78,0.0038
25.77,0.0024
25.75,0.0007
25.74,0.0021
25.73,0.0019
25.72,0.0111
25.70,0.0051
25.69,0.0058
25.67,0.0010
25.66,0.0064
25.66,0.0033
25.65,0.0069
25.65,0.0101
25.62,0.0079
25.61,0.0081
25.59,0.0041
25.58,0.0154
25.56,0.0029
25.54,0.0037
25.54,0.0101
25.52,0.0255
25.51,0.0057
25.50,0.0079
25.49,0.0149
25.48,0.0193
25.46,0.0058
25.45,0.0046
25.43,0.0355
25.43,0.0126
25.42,0.0044
25.38,0.0138
25.37,0.0080
25.36,0.0200
25.35,0.0066
25.33,0.0025
25.33,0.0081
25.32,0.0007
25.31,0.0069
25.30,0.0129
25.27,0.0036
25.26,0.0090
25.23,0.0229
25.22,0.0040
25.21,0.0080
25.20,0.0060
25.18,0.0024
25.17,0.0035
25.15,0.0022
25.14,0.0155
25.14,0.0064
25.12,0.0018
25.10,0.0080
25.09,0.0071
25.06,0.0067
25.05,0.0245
25.04,0.0079
25.02,0.0106
25.01,0.0026
25.00,0.0122
24.99,0.0071
24.98,0.0028
24.96,0.0029
24.94,0.0190
24.94,0.0042
24.92,0.0053
24.91,0.0013
24.89,0.0031
24.88,0.0378
24.86,0.0245
24.84,0.0084
24.83,0.0056
24.82,0.0061
24.81,0.0065
24.79,0.0036
24.77,0.0028
24.73,0.0063
24.73,0.0161
24.71,0.0063
24.70,0.0128
24.67,0.0125
24.66,0.0012
24.65,0.0018
24.64,0.0139
24.63,0.0059
24.63,0.0171
24.61,0.0062
24.61,0.0022
24.58,0.0076
24.56,0.0010
24.55,0.0005
24.54,0.0048
24.52,0.0159
24.49,0.0196
24.49,0.0042
24.48,0.0056
24.45,0.0031
24.44,0.0185
24.43,0.0042
24.40,0.0015
24.39,0.0025
24.39,0.0162
24.36,0.0039
24.34,0.0171
24.33,0.0043
24.30,0.0039
24.30,0.0157
24.29,0.0075
24.27,0.0072
24.26,0.0075
24.26,0.0134
24.24,0.0109
24.24,0.0124
24.22,0.0064
24.21,0.0034
24.21,0.0020
24.19,0.0054
24.16,0.0040
24.14,0.0122
24.14,0.0055
24.14,0.0049
24.13,0.0084
24.10,0.0017
24.09,0.0036
24.08,0.0157
24.08,0.0046
24.06,0.0038
24.05,0.0033
24.03,0.0047
24.02,0.0067
24.01,0.0024
24.00,0.0096
23.98,0.0005
23.97,0.0094
23.95,0.0101
23.95,0.0025
23.93,0.0046
23.93,0.0045
23.91,0.0188
23.89,0.0101
23.88,0.0034
23.87,0.0044
23.85,0.0200
23.85,0.0415
23.82,0.0131
23.80,0.0026
23.79,0.0322
23.78,0.0132
23.77,0.0039
23.76,0.0033
23.74,0.0200
23.73,0.0041
23.72,0.0032
23.71,0.0018
23.69,0.0137
23.68,0.0078
23.66,0.0122
23.66,0.0015
23.62,0.0133
23.61,0.0055
23.60,0.0034
23.59,0.0022
23.58,0.0028
23.55,0.0067
23.55,0.0007
23.54,0.0233
23.53,0.0064
23.53,0.0062
23.51,0.0140
23.49,0.0108
23.47,0.0107
23.46,0.0184
23.45,0.0184
23.44,0.0019
23.43,0.0562
23.41,0.0031
23.41,0.0075
23.39,0.0328
23.38,0.0170
23.36,0.0058
23.35,0.0077
23.34,0.0022
23.33,0.0113
23.33,0.0183
23.31,0.0093
23.29,0.0014
23.27,0.0117
23.27,0.0096
23.25,0.0033
23.25,0.0137
23.22,0.0007
23.21,0.0138
23.20,0.0443
23.19,0.0054
23.18,0.0061
23.15,0.0029
23.14,0.0041
23.13,0.0336
23.12,0.0015
23.12,0.0026
23.09,0.0141
23.08,0.0009
23.07,0.0186
23.06,0.0056
23.04,0.0042
23.02,0.0139
23.02,0.0157
23.00,0.0219
22.99,0.0098
22.98,0.0047
22.98,0.0097
22.97,0.0081
22.97,0.0100
22.95,0.0092
22.93,0.0238
22.92,0.0029
22.91,0.0037
22.89,0.0065
22.88,0.0087
22.86,0.0314
22.85,0.0020
22.84,0.0042
22.83,0.0130
22.81,0.0036
22.80,0.0083
22.79,0.0258
22.78,0.0053
22.78,0.0128
22.76,0.0019
22.75,0.0026
22.73,0.0216
22.72,0.0014
22.72,0.0185
22.71,0.0062
22.68,0.0078
22.67,0.0053
22.66,0.0082
22.65,0.0152
22.64,0.0020
22.62,0.0229
22.61,0.0092
22.60,0.0010
22.60,0.0127
22.58,0.0422
22.56,0.0145
22.55,0.0079
22.54,0.0234
22.52,0.0032
22.52,0.0034
22.49,0.0077
22.48,0.0258
22.46,0.0024
22.45,0.0010
22.44,0.0086
22.42,0.0005
22.42,0.0195
22.42,0.0165
22.40,0.0118
22.38,0.0005
22.38,0.0020
22.37,0.0074
22.36,0.0141
22.35,0.0261
22.34,0.0023
22.33,0.0027
22.32,0.0006
22.31,0.0212
22.29,0.0204
22.29,0.0043
22.27,0.0024
22.26,0.0014
22.26,0.0140
22.25,0.0010
22.24,0.0174
22.24,0.0012
22.21,0.0003
22.19,0.0015
22.18,0.0051
22.17,0.0047
22.16,0.0075
22.13,0.0029
22.12,0.0173
22.11,0.0105
22.09,0.0050
22.09,0.0124
22.08,0.0063
22.07,0.0080
22.06,0.0034
22.05,0.0053
22.03,0.0088
22.02,0.0049
22.02,0.0124
22.01,0.0429
21.99,0.0339
21.99,0.0105
21.97,0.0094
21.95,0.0186
21.94,0.0102
21.93,0.0084
21.92,0.0010
21.92,0.0136
21.91,0.0023
21.89,0.0077
21.88,0.0135
21.87,0.0017
21.85,0.0076
21.84,0.0031
21.82,0.0028
21.80,0.0059
21.79,0.0026
21.78,0.0132
21.78,0.0058
21.76,0.0061
21.75,0.0021
21.74,0.0011
21.73,0.0190
21.70,0.0158
21.69,0.0218
21.68,0.0232
21.68,0.0117
21.67,0.0221
21.66,0.0057
21.64,0.0046
21.64,0.0219
21.62,0.0039
21.61,0.0125
21.59,0.0175
21.59,0.0119
21.58,0.0089
21.58,0.0142
21.57,0.0065
21.56,0.0071
21.55,0.0435
21.54,0.0005
21.51,0.0267
21.50,0.0537
21.49,0.0345
21.49,0.0033
21.48,0.0158
21.47,0.0132
21.45,0.0030
21.45,0.0093
21.44,0.0118
21.43,0.0042
21.42,0.0094
21.41,0.0109
21.41,0.0057
21.38,0.0007
21.38,0.0043
21.36,0.0081
21.36,0.0017
21.35,0.0217
21.34,0.0292
21.34,0.0014
21.32,0.0047
21.32,0.0034
21.32,0.0036
21.31,0.0022
21.28,0.0088
21.28,0.0126
21.27,0.0139
21.27,0.0074
21.26,0.0017
21.25,0.0333
21.24,0.0022
21.23,0.0054
21.22,0.0090
21.21,0.0092
21.20,0.0109
21.18,0.0121
21.17,0.0102
21.15,0.0057
21.15,0.0045
21.14,0.0041
21.13,0.0057
21.13,0.0109
21.12,0.0103
21.10,0.0230
21.09,0.0046
21.09,0.0033
21.08,0.0126
21.05,0.0163
21.03,0.0110
21.02,0.0122
21.01,0.0082
21.01,0.0176
20.99,0.0073
20.98,0.0101
20.98,0.0053
20.96,0.0029
20.95,0.0012
20.95,0.0025
20.94,0.0056
20.93,0.0167
20.92,0.0141
20.90,0.0044
20.90,0.0038
20.89,0.0046
20.87,0.0214
20.87,0.0024
20.86,0.0108
20.85,0.0053
20.82,0.0068
20.81,0.0117
20.81,0.0033
20.79,0.0070
20.78,0.0042
20.76,0.0097
20.76,0.0096
20.74,0.0170
20.74,0.0263
20.73,0.0034
20.73,0.0105
20.71,0.0041
20.71,0.0018
20.70,0.0013
20.69,0.0087
20.68,0.0013
20.66,0.0005
20.66,0.0014
20.65,0.0001
20.64,0.0050
20.64,0.0047
20.63,0.0007
20.62,0.0021
20.62,0.0056
20.61,0.0139
20.61,0.0211
20.60,0.0135
20.59,0.0171
20.58,0.0049
20.57,0.0137
20.56,0.0033
20.55,0.0062
20.54,0.0057
20.54,0.0018
20.53,0.0018
20.52,0.0028
20.52,0.0073
20.52,0.0061
20.50,0.0066
20.48,0.0063
20.47,0.0027
20.47,0.0023
20.46,0.0001
20.45,0.0044
20.44,0.0010
20.43,0.0058
20.41,0.0096
20.40,0.0082
20.39,0.0032
20.39,0.0129
20.38,0.0150
20.36,0.0038
20.35,0.0048
20.35,0.0142
20.34,0.0047
20.34,0.0046
20.33,0.0162
20.32,0.0047
20.32,0.0042
20.32,0.0006
20.31,0.0160
20.29,0.0006
20.27,0.0173
20.27,0.0009
20.25,0.0014
20.24,0.0042
20.23,0.0150
20.23,0.0026
20.22,0.0049
20.20,0.0100
20.18,0.0088
20.18,0.0122
20.17,0.0202
20.17,0.0016
20.16,0.0072
20.15,0.0004
20.14,0.0077
20.13,0.0061
20.11,0.0009
20.10,0.0015
20.10,0.0002
20.09,0.0031
20.08,0.0057
20.08,0.0129
20.07,0.0021
20.05,0.0095
20.04,0.0016
20.04,0.0040
20.03,0.0111
20.02,0.0036
20.02,0.0135
20.01,0.0015
20.00,0.0055
20.00,0.0074
19.99,0.0038
19.98,0.0088
19.97,0.0018
19.97,0.0016
19.96,0.0031
19.96,0.0014
19.95,0.0194
19.94,0.0161
19.94,0.0038
19.92,0.0084
19.91,0.0191
19.90,0.0249
19.88,0.0047
19.88,0.0011
19.87,0.0075
19.86,0.0076
19.85,0.0084
19.83,0.0023
19.83,0.0016
19.82,0.0054
19.81,0.0027
19.79,0.0020
19.79,0.0126
19.79,0.0056
19.78,0.0007
19.77,0.0005
19.77,0.0059
19.76,0.0048
19.75,0.0078
19.74,0.0058
19.73,0.0213
19.73,0.0087
19.72,0.0054
19.72,0.0068
19.70,0.0049
19.70,0.0034
19.70,0.0035
19.69,0.0017
19.69,0.0050
19.68,0.0041
19.68,0.0107
19.67,0.0081
19.67,0.0027
19.66,0.0206
19.65,0.0019
19.63,0.0066
19.63,0.0040
19.62,0.0171
19.60,0.0052
19.60,0.0014
19.60,0.0030
19.59,0.0041
19.58,0.0056
19.57,0.0023
19.57,0.0001
19.55,0.0039
19.55,0.0119
19.54,0.0025
19.54,0.0149
19.53,0.0111
19.52,0.0141
19.51,0.0015
19.51,0.0019
19.51,0.0020
19.50,0.0038
19.49,0.0117
19.48,0.0070
19.47,0.0040
19.47,0.0035
19.46,0.0132
19.45,0.0021
19.44,0.0110
19.43,0.0040
19.42,0.0035
19.42,0.0047
19.41,0.0056
19.41,0.0026
19.40,0.0007
19.39,0.0021
19.38,0.0026
19.37,0.0049
19.36,0.0109
19.36,0.0133
19.35,0.0101
19.34,0.0151
19.32,0.0019
19.31,0.0044
19.30,0.0032
19.30,0.0066
19.29,0.0032
19.29,0.0025
19.28,0.0070
19.28,0.0137
19.27,0.0048
19.26,0.0045
19.26,0.0046
19.25,0.0068
19.24,0.0014
19.24,0.0059
19.23,0.0047
19.22,0.0076
19.22,0.0046
19.21,0.0001
19.21,0.0084
19.20,0.0032
19.19,0.0048
19.19,0.0116
19.18,0.0053
19.18,0.0095
19.17,0.0079
19.17,0.0066
19.15,0.0021
19.14,0.0048
19.14,0.0018
19.14,0.0045
19.13,0.0103
19.12,0.0032
19.11,0.0030
19.11,0.0049
19.10,0.0026
19.09,0.0036
19.09,0.0119
19.08,0.0001
19.08,0.0101
19.07,0.0068
19.06,0.0045
19.05,0.0049
19.05,0.0031
19.04,0.0063
19.03,0.0010
19.03,0.0032
19.01,0.0029
19.01,0.0032
19.00,0.0003
18.99,0.0043
18.99,0.0055
18.98,0.0044
18.98,0.0033
18.97,0.0032
18.95,0.0037
18.95,0.0025
18.95,0.0016
18.94,0.0019
18.94,0.0015
18.93,0.0096
18.92,0.0004
18.91,0.0048
18.90,0.0024
18.90,0.0071
18.89,0.0027
18.88,0.0043
18.87,0.0150
18.87,0.0014
18.86,0.0033
18.86,0.0032
18.85,0.0063
18.84,0.0033
18.83,0.0016
18.83,0.0021
18.82,0.0028
18.82,0.0016
18.81,0.0071
18.79,0.0010
18.79,0.0089
18.79,0.0026
18.78,0.0187
18.77,0.0017
18.76,0.0046
18.76,0.0017
18.75,0.0031
18.74,0.0077
18.74,0.0038
18.73,0.0034
18.71,0.0013
18.71,0.0028
18.70,0.0085
18.70,0.0054
18.69,0.0060
18.68,0.0017
18.67,0.0085
18.67,0.0003
18.67,0.0029
18.65,0.0005
18.65,0.0119
18.64,0.0015
18.64,0.0051
18.63,0.0155
18.62,0.0129
18.62,0.0010
18.61,0.0061
18.61,0.0069
18.60,0.0092
18.59,0.0046
18.58,0.0088
18.58,0.0027
18.57,0.0075
18.56,0.0008
18.55,0.0058
18.55,0.0072
18.54,0.0004
18.54,0.0026
18.53,0.0016
18.53,0.0003
18.52,0.0020
18.51,0.0032
18.51,0.0032
18.51,0.0037
18.50,0.0008
18.49,0.0008
18.48,0.0040
18.47,0.0015
18.47,0.0054
18.46,0.0063
18.46,0.0105
18.44,0.0174
18.44,0.0051
18.43,0.0080
18.43,0.0037
18.43,0.0013
18.42,0.0180
18.41,0.0064
18.40,0.0002
18.40,0.0014
18.39,0.0030
18.38,0.0041
18.37,0.0031
18.36,0.0037
18.36,0.0057
18.35,0.0024
18.35,0.0114
18.34,0.0046
18.34,0.0037
18.33,0.0042
18.33,0.0064
18.32,0.0026
18.30,0.0031
18.30,0.0001
18.29,0.0238
18.29,0.0252
18.28,0.0077
18.28,0.0151
18.28,0.0192
18.27,0.0142
18.27,0.0100
18.25,0.0004
18.24,0.0022
18.24,0.0072
18.23,0.0059
18.23,0.0084
18.21,0.0118
18.21,0.0042
18.20,0.0034
18.19,0.0003
18.19,0.0027
18.19,0.0044
18.18,0.0079
18.17,0.0143
18.15,0.0037
18.15,0.0075
18.14,0.0044
18.13,0.0011
18.12,0.0070
18.12,0.0073
18.11,0.0006
18.10,0.0075
18.10,0.0029
18.09,0.0021
18.09,0.0025
18.08,0.0013
18.08,0.0042
18.07,0.0051
18.06,0.0017
18.06,0.0030
18.05,0.0015
18.05,0.0124
18.04,0.0027
18.03,0.0025
18.03,0.0139
18.02,0.0152
18.02,0.0004
18.02,0.0216
18.01,0.0102
18.01,0.0039
18.00,0.0049
17.99,0.0090
17.98,0.0000
17.97,0.0140
17.97,0.0006
17.96,0.0008
17.96,0.0007
17.95,0.0019
17.94,0.0000
17.94,0.0032
17.92,0.0003
17.92,0.0035
17.91,0.0014
17.91,0.0033
17.90,0.0024
17.89,0.0009
17.89,0.0016
17.88,0.0062
17.88,0.0039
17.87,0.0090
17.86,0.0016
17.86,0.0047
17.85,0.0021
17.84,0.0037
17.83,0.0014
17.83,0.0099
17.83,0.0002
17.82,0.0035
17.81,0.0060
17.80,0.0094
17.79,0.0015
17.79,0.0061
17.79,0.0011
17.78,0.0011
17.77,0.0082
17.76,0.0039
17.76,0.0010
17.75,0.0028
17.74,0.0006
17.74,0.0009
17.73,0.0009
17.72,0.0013
17.72,0.0088
17.71,0.0030
17.70,0.0009
17.70,0.0033
17.69,0.0046
17.68,0.0015
17.68,0.0016
17.67,0.0033
17.67,0.0071
17.66,0.0037
17.65,0.0077
17.64,0.0029
17.64,0.0024
17.63,0.0044
17.62,0.0030
17.61,0.0035
17.61,0.0022
17.60,0.0030
17.59,0.0021
17.59,0.0022
17.58,0.0029
17.57,0.0008
17.57,0.0031
17.56,0.0097
17.56,0.0009
17.55,0.0023
17.54,0.0061
17.53,0.0019
17.53,0.0021
17.52,0.0002
17.52,0.0016
17.51,0.0048
17.51,0.0052
17.50,0.0134
17.49,0.0063
17.49,0.0011
17.48,0.0029
17.47,0.0013
17.46,0.0005
17.46,0.0059
17.45,0.0047
17.45,0.0059
17.44,0.0061
17.43,0.0098
17.42,0.0102
17.42,0.0034
17.41,0.0023
17.40,0.0036
17.39,0.0030
17.39,0.0019
17.38,0.0021
17.37,0.0067
17.37,0.0039
17.36,0.0004
17.36,0.0046
17.35,0.0018
17.35,0.0017
17.34,0.0037
17.34,0.0046
17.33,0.0005
17.33,0.0008
17.32,0.0049
17.31,0.0039
17.30,0.0015
17.30,0.0010
17.30,0.0049
17.29,0.0083
17.28,0.0113
17.28,0.0105
17.27,0.0090
17.27,0.0114
17.27,0.0080
17.26,0.0022
17.25,0.0044
17.25,0.0013
17.24,0.0033
17.24,0.0014
17.23,0.0066
17.23,0.0008
17.22,0.0021
17.21,0.0054
17.20,0.0036
17.20,0.0008
17.20,0.0007
17.19,0.0055
17.19,0.0028
17.19,0.0010
17.17,0.0045
17.17,0.0015
17.16,0.0026
17.15,0.0096
17.14,0.0157
17.14,0.0008
17.13,0.0052
17.12,0.0097
17.10,0.0001
17.10,0.0006
17.09,0.0017
17.09,0.0018
17.09,0.0018
17.08,0.0023
17.07,0.0022
17.07,0.0057
17.06,0.0034
17.06,0.0021
17.05,0.0042
17.04,0.0005
17.03,0.0004
17.03,0.0032
17.02,0.0033
17.02,0.0012
17.01,0.0004
17.01,0.0019
17.00,0.0065
16.99,0.0012
16.99,0.0002
16.98,0.0009
16.97,0.0014
16.96,0.0060
16.96,0.0013
16.95,0.0031
16.94,0.0010
16.93,0.0008
16.93,0.0038
16.92,0.0006
16.92,0.0038
16.91,0.0104
16.90,0.0149
16.89,0.0041
16.89,0.0123
16.88,0.0003
16.87,0.0121
16.87,0.0066
16.86,0.0009
16.85,0.0042
16.84,0.0011
16.83,0.0016
16.83,0.0032
16.82,0.0016
16.81,0.0039
16.81,0.0035
16.80,0.0064
16.80,0.0071
16.79,0.0054
16.78,0.0015
16.78,0.0012
16.77,0.0010
16.77,0.0009
16.76,0.0011
16.76,0.0030
16.74,0.0006
16.74,0.0055
16.74,0.0018
16.72,0.0002
16.72,0.0040
16.71,0.0008
16.70,0.0015
16.70,0.0018
16.69,0.0021
16.69,0.0015
16.68,0.0020
16.67,0.0059
16.67,0.0039
16.66,0.0034
16.66,0.0024
16.65,0.0015
16.65,0.0034
16.64,0.0022
16.64,0.0015
16.63,0.0026
16.63,0.0011
16.62,0.0048
16.61,0.0044
16.60,0.0038
16.60,0.0027
16.58,0.0005
16.58,0.0019
16.57,0.0005
16.56,0.0028
16.55,0.0031
16.55,0.0039
16.54,0.0077
16.54,0.0025
16.53,0.0021
16.53,0.0020
16.52,0.0016
16.51,0.0057
16.51,0.0023
16.51,0.0006
16.50,0.0016
16.50,0.0005
16.49,0.0034
16.49,0.0008
16.48,0.0002
16.48,0.0058
16.48,0.0045
16.47,0.0129
16.46,0.0026
16.45,0.0017
16.44,0.0023
16.44,0.0040
16.43,0.0027
16.43,0.0033
16.42,0.0008
16.42,0.0095
16.40,0.0014
16.40,0.0036
16.39,0.0011
16.39,0.0041
16.38,0.0027
16.37,0.0007
16.36,0.0015
16.35,0.0028
16.35,0.0008
16.34,0.0012
16.33,0.0034
16.33,0.0022
16.32,0.0026
16.32,0.0007
16.31,0.0010
16.31,0.0006
16.30,0.0041
16.30,0.0040
16.29,0.0016
16.29,0.0005
16.29,0.0047
16.28,0.0002
16.27,0.0011
16.26,0.0016
16.26,0.0074
16.25,0.0010
16.25,0.0072
16.23,0.0063
16.22,0.0147
16.22,0.0047
16.22,0.0058
16.21,0.0059
16.20,0.0040
16.19,0.0005
16.19,0.0019
16.18,0.0005
16.18,0.0011
16.17,0.0018
16.16,0.0032
16.15,0.0027
16.15,0.0046
16.15,0.0027
16.14,0.0018
16.14,0.0050
16.13,0.0016
16.12,0.0013
16.11,0.0051
16.10,0.0014
16.10,0.0011
16.09,0.0009
16.08,0.0028
16.08,0.0014
16.07,0.0034
16.07,0.0035
16.06,0.0028
16.04,0.0014
16.04,0.0005
16.03,0.0007
16.03,0.0019
16.02,0.0022
16.01,0.0028
16.01,0.0012
16.00,0.0004
15.99,0.0023
15.98,0.0001
15.97,0.0028
15.97,0.0032
15.96,0.0017
15.96,0.0045
15.95,0.0006
15.95,0.0007
15.95,0.0030
15.94,0.0016
15.94,0.0012
15.94,0.0017
15.93,0.0024
15.92,0.0060
15.91,0.0019
15.91,0.0009
15.91,0.0030
15.90,0.0009
15.89,0.0010
15.89,0.0019
15.88,0.0002
15.88,0.0005
15.86,0.0017
15.86,0.0049
15.85,0.0036
15.84,0.0002
15.84,0.0023
15.84,0.0022
15.83,0.0037
15.83,0.0009
15.81,0.0006
15.81,0.0017
15.80,0.0003
15.80,0.0045
15.79,0.0019
15.79,0.0014
15.78,0.0004
15.77,0.0013
15.77,0.0003
15.76,0.0112
15.76,0.0030
15.75,0.0023
15.75,0.0019
15.74,0.0074
15.73,0.0023
15.72,0.0015
15.71,0.0007
15.70,0.0038
15.70,0.0010
15.69,0.0027
15.68,0.0004
15.67,0.0010
15.66,0.0042
15.66,0.0046
15.65,0.0007
15.65,0.0043
15.64,0.0031
15.63,0.0006
15.63,0.0027
15.62,0.0030
15.62,0.0003
15.61,0.0018
15.61,0.0034
15.60,0.0040
15.59,0.0073
15.59,0.0007
15.58,0.0013
15.57,0.0060
15.56,0.0002
15.55,0.0010
15.54,0.0003
15.53,0.0030
15.53,0.0004
15.52,0.0008
15.52,0.0018
15.51,0.0001
15.51,0.0005
15.51,0.0029
15.50,0.0015
15.49,0.0011
15.49,0.0061
15.47,0.0004
15.46,0.0015
15.46,0.0001
15.45,0.0032
15.45,0.0004
15.45,0.0033
15.44,0.0027
15.43,0.0048
15.42,0.0007
15.41,0.0016
15.40,0.0014
15.39,0.0015
15.39,0.0053
15.38,0.0074
15.37,0.0030
15.37,0.0013
15.36,0.0007
15.35,0.0025
15.34,0.0013
15.34,0.0022
15.34,0.0008
15.33,0.0015
15.33,0.0029
15.31,0.0012
15.30,0.0047
15.30,0.0018
15.29,0.0027
15.29,0.0020
15.29,0.0003
15.28,0.0020
15.27,0.0112
15.27,0.0111
15.26,0.0027
15.25,0.0040
15.25,0.0089
15.24,0.0043
15.23,0.0022
15.23,0.0052
15.22,0.0031
15.21,0.0023
15.21,0.0013
15.21,0.0014
15.20,0.0010
15.19,0.0024
15.18,0.0008
15.17,0.0019
15.16,0.0002
15.16,0.0002
15.15,0.0003
15.15,0.0072
15.14,0.0036
15.14,0.0013
15.14,0.0031
15.12,0.0008
15.11,0.0005
15.10,0.0006
15.10,0.0021
15.09,0.0035
15.08,0.0004
15.07,0.0026
15.06,0.0037
15.05,0.0003
15.04,0.0006
15.03,0.0003
15.03,0.0002
15.03,0.0019
15.02,0.0021
15.01,0.0007
15.00,0.0014
14.99,0.0017
14.98,0.0011
14.97,0.0012
14.96,0.0000
14.96,0.0040
14.94,0.0037
14.94,0.0018
14.93,0.0023
14.93,0.0115
14.92,0.0024
14.91,0.0039
14.91,0.0001
14.90,0.0010
14.89,0.0002
14.89,0.0033
14.88,0.0021
14.88,0.0050
14.87,0.0000
14.86,0.0000
14.86,0.0031
14.85,0.0038
14.83,0.0006
14.83,0.0011
14.82,0.0004
14.82,0.0019
14.82,0.0011
14.80,0.0028
14.79,0.0005
14.78,0.0000
14.77,0.0021
14.77,0.0001
14.76,0.0021
14.76,0.0053
14.75,0.0017
14.75,0.0031
14.74,0.0009
14.73,0.0013
14.72,0.0004
14.71,0.0036
14.70,0.0018
14.70,0.0004
14.69,0.0014
14.69,0.0013
14.69,0.0001
14.68,0.0025
14.67,0.0005
14.67,0.0054
14.66,0.0011
14.65,0.0010
14.64,0.0061
14.63,0.0012
14.62,0.0009
14.62,0.0095
14.61,0.0013
14.61,0.0015
14.60,0.0010
14.60,0.0005
14.59,0.0006
14.58,0.0027
14.56,0.0013
14.55,0.0034
14.53,0.0013
14.52,0.0029
14.51,0.0008
14.51,0.0000
14.50,0.0070
14.48,0.0030
14.47,0.0148
14.47,0.0008
14.46,0.0012
14.45,0.0001
14.44,0.0114
14.44,0.0004
14.43,0.0013
14.43,0.0032
14.42,0.0003
14.41,0.0005
14.40,0.0018
14.38,0.0050
14.38,0.0013
14.37,0.0029
14.37,0.0037
14.36,0.0021
14.36,0.0046
14.35,0.0028
14.34,0.0009
14.33,0.0013
14.33,0.0066
14.32,0.0013
14.30,0.0027
14.30,0.0007
14.29,0.0018
14.29,0.0014
14.28,0.0026
14.28,0.0022
14.27,0.0012
14.26,0.0035
14.26,0.0004
14.25,0.0169
14.24,0.0017
14.23,0.0028
14.21,0.0042
14.20,0.0048
14.20,0.0022
14.20,0.0037
14.19,0.0067
14.19,0.0033
14.18,0.0009
14.18,0.0012
14.17,0.0003
14.17,0.0001
14.15,0.0088
14.14,0.0129
14.14,0.0030
14.13,0.0006
14.13,0.0038
14.12,0.0016
14.12,0.0064
14.11,0.0044
14.11,0.0002
14.10,0.0010
14.09,0.0027
14.08,0.0009
14.07,0.0023
14.06,0.0052
14.05,0.0077
14.03,0.0070
14.03,0.0016
14.01,0.0035
14.00,0.0035
14.00,0.0013
13.99,0.0027
13.98,0.0011
13.98,0.0297
13.97,0.0007
13.97,0.0011
13.96,0.0098
13.95,0.0184
13.94,0.0265
13.93,0.0122
13.92,0.0198
13.90,0.0137
13.89,0.0114
13.88,0.0064
13.87,0.0039
13.87,0.0042
13.87,0.0070
13.87,0.0041
13.86,0.0029
13.85,0.0024
13.84,0.0077
13.84,0.0104
13.82,0.0223
13.82,0.0037
13.82,0.0029
13.81,0.0026
13.80,0.0042
13.80,0.0019
13.80,0.0077
13.79,0.0156
13.78,0.0007
13.78,0.0029
13.77,0.0037
13.77,0.0043
13.76,0.0017
13.76,0.0108
13.75,0.0009
13.74,0.0003
13.74,0.0074
13.73,0.0029
13.72,0.0234
13.71,0.0256
13.71,0.0366
13.70,0.0054
13.70,0.0005
13.69,0.0027
13.68,0.0006
13.68,0.0140
13.67,0.0038
13.66,0.0016
13.65,0.0077
13.64,0.0157
13.63,0.0018
13.63,0.0056
13.63,0.0132
13.62,0.0065
13.61,0.0007
13.61,0.0052
13.59,0.0073
13.58,0.0191
13.57,0.0001
13.57,0.0026
13.56,0.0132
13.55,0.0091
13.55,0.0066
13.55,0.0072
13.53,0.0102
13.52,0.0087
13.51,0.0017
13.51,0.0017
13.51,0.0046
13.50,0.0185
13.50,0.0136
13.49,0.0039
13.48,0.0043
13.48,0.0016
13.47,0.0012
13.47,0.0093
13.47,0.0011
13.47,0.0018
13.46,0.0016
13.45,0.0081
13.45,0.0057
13.43,0.0147
13.43,0.0122
13.41,0.0112
13.40,0.0019
13.40,0.0040
13.40,0.0147
13.39,0.0112
13.39,0.0007
13.38,0.0004
13.38,0.0261
13.37,0.0046
13.35,0.0047
13.35,0.0057
13.35,0.0033
13.35,0.0006
13.34,0.0050
13.33,0.0012
13.32,0.0008
13.32,0.0086
13.31,0.0172
13.30,0.0023
13.29,0.0029
13.28,0.0005
13.28,0.0030
13.28,0.0019
13.27,0.0019
13.27,0.0008
13.26,0.0042
13.25,0.0002
13.25,0.0029
13.25,0.0080
13.24,0.0047
13.23,0.0012
13.23,0.0156
13.23,0.0007
13.22,0.0031
13.22,0.0099
13.21,0.0036
13.20,0.0028
13.19,0.0001
13.18,0.0266
13.18,0.0082
13.17,0.0063
13.17,0.0014
13.15,0.0014
13.15,0.0040
13.15,0.0010
13.15,0.0003
13.14,0.0074
13.13,0.0019
13.13,0.0059
13.12,0.0016
13.12,0.0141
13.11,0.0013
13.10,0.0032
13.10,0.0103
13.09,0.0013
13.08,0.0072
13.08,0.0032
13.07,0.0040
13.07,0.0057
13.07,0.0026
13.07,0.0034
13.07,0.0024
13.06,0.0015
13.04,0.0007
13.03,0.0216
13.03,0.0054
13.03,0.0010
13.02,0.0061
13.02,0.0024
13.01,0.0056
13.01,0.0012
13.00,0.0033
12.99,0.0020
12.98,0.0121
12.98,0.0086
12.98,0.0014
12.97,0.0056
12.97,0.0164
12.96,0.0080
12.95,0.0011
12.95,0.0291
12.94,0.0094
12.92,0.0017
12.91,0.0061
12.91,0.0036
12.89,0.0040
12.88,0.0010
12.88,0.0023
12.87,0.0099
12.86,0.0023
12.86,0.0006
12.86,0.0164
12.84,0.0090
12.84,0.0197
12.84,0.0016
12.83,0.0021
12.83,0.0044
12.83,0.0020
12.82,0.0044
12.81,0.0095
12.81,0.0069
12.80,0.0062
12.80,0.0075
12.78,0.0250
12.78,0.0075
12.77,0.0069
12.77,0.0021
12.77,0.0075
12.76,0.0172
12.74,0.0020
12.74,0.0033
12.74,0.0020
12.73,0.0181
12.73,0.0084
12.72,0.0029
12.71,0.0007
12.71,0.0017
12.70,0.0066
12.70,0.0060
12.69,0.0026
12.68,0.0005
12.67,0.0001
12.66,0.0003
12.66,0.0005
12.65,0.0082
12.64,0.0008
12.62,0.0018
12.62,0.0003
12.62,0.0045
12.61,0.0073
12.61,0.0011
12.59,0.0003
12.58,0.0008
12.58,0.0057
12.57,0.0047
12.56,0.0050
12.56,0.0019
12.56,0.0001
12.55,0.0034
12.54,0.0016
12.54,0.0049
12.53,0.0011
12.53,0.0011
12.52,0.0005
12.51,0.0019
12.51,0.0012
12.50,0.0088
12.50,0.0011
12.49,0.0006
12.48,0.0129
12.48,0.0011
12.47,0.0030
12.46,0.0004
12.45,0.0288
12.45,0.0057
12.44,0.0018
12.43,0.0052
12.43,0.0035
12.42,0.0004
12.42,0.0021
12.40,0.0033
12.40,0.0006
12.39,0.0046
12.39,0.0005
12.39,0.0003
12.38,0.0028
12.37,0.0021
12.35,0.0035
12.35,0.0105
12.34,0.0003
12.33,0.0084
12.32,0.0000
12.32,0.0004
12.31,0.0005
12.30,0.0017
12.29,0.0001
12.28,0.0015
12.28,0.0039
12.27,0.0116
12.26,0.0001
12.25,0.0002
12.25,0.0001
12.23,0.0047
12.23,0.0055
12.22,0.0059
12.22,0.0028
12.21,0.0033
12.20,0.0019
12.20,0.0046
12.20,0.0031
12.19,0.0012
12.18,0.0167
12.17,0.0154
12.16,0.0104
12.15,0.0262
12.14,0.0984
12.13,0.0165
12.13,0.0211
12.12,0.0115
12.11,0.0288
12.10,0.0028
12.09,0.0107
12.09,0.0054
12.07,0.0059
12.07,0.0105
12.06,0.0980
12.05,0.0043
12.03,0.0074
12.03,0.0054
12.03,0.0028
12.02,0.0019
12.00,0.0040
12.00,0.0102
11.99,0.0020
11.98,0.0009
11.97,0.0053
11.96,0.0038
11.95,0.0015
11.95,0.0016
11.93,0.0026
11.91,0.0005
11.91,0.0020
11.90,0.0011
11.90,0.0006
11.89,0.0080
11.89,0.0002
11.85,0.0013
11.85,0.0020
11.84,0.0024
11.83,0.0196
11.82,0.0005
11.82,0.0059
11.81,0.0104
11.80,0.0039
11.78,0.0036
11.77,0.0029
11.77,0.0018
11.75,0.0006
11.74,0.0032
11.73,0.0121
11.73,0.0027
11.73,0.0050
11.70,0.0012
11.69,0.0013
11.69,0.0026
11.68,0.0043
11.67,0.0016
11.67,0.0002
11.67,0.0010
11.66,0.0003
11.65,0.0142
11.64,0.0011
11.64,0.0012
11.63,0.0034
11.61,0.0483
11.60,0.0084
11.58,0.0023
11.58,0.0032
11.57,0.0193
11.56,0.0020
11.54,0.0018
11.53,0.0019
11.52,0.0092
11.50,0.0038
11.49,0.0062
11.48,0.0025
11.48,0.0065
11.48,0.0022
11.46,0.0367
11.45,0.0102
11.44,0.0050
11.43,0.0028
11.42,0.0024
11.40,0.0023
11.39,0.0014
11.38,0.0014
11.37,0.0125
11.36,0.0124
11.33,0.0003
11.32,0.0098
11.31,0.0004
11.29,0.0003
11.29,0.0026
11.26,0.0003
11.26,0.0047
11.25,0.0013
11.21,0.0011
11.21,0.0002
11.20,0.0034
11.20,0.0031
11.19,0.0007
11.17,0.0012
11.16,0.0017
11.16,0.0034
11.15,0.0006
11.14,0.0004
11.06,0.0000
11.04,0.0000
11.03,0.0004
11.02,0.0018
11.01,0.0469
11.00,0.0003
10.98,0.0003
10.96,0.0005
10.96,0.0009
10.93,0.0002
10.90,0.0002
10.88,0.0013
10.86,0.0049
10.85,0.0002
10.85,0.0006
10.81,0.0000
10.80,0.0008
10.80,0.0180
10.77,0.0913
10.75,0.0025
10.74,0.0005
10.68,0.0001
10.64,0.0004
10.61,0.0003
10.60,0.0006
10.58,0.0031
10.52,0.0001
10.51,0.0258
10.48,0.0000
10.47,0.0010
10.44,0.0026
10.41,0.0449
10.40,0.0009
10.37,0.0010
10.35,0.0008
10.33,0.0073
10.28,0.0336
10.24,0.0060
10.23,0.0028
10.22,0.0003
10.16,0.0000
10.12,0.0010
10.11,0.0001
10.08,0.0007
10.03,0.0027
9.93,0.0027
9.81,0.0003
9.66,0.0000
9.65,0.0000
9.49,0.0000
9.32,0.0030
9.23,0.0000
