194.40,0.0013
194.08,0.0121
185.63,0.0893
181.66,0.0082
173.01,0.1580
166.97,0.0922
165.51,0.0172
162.22,0.0152
160.29,0.0552
156.89,0.0122
156.10,0.0536
152.49,0.0077
152.17,0.0494
146.41,0.0073
145.04,0.0705
143.63,0.0125
143.04,0.0336
141.72,0.0133
139.31,0.0093
138.40,0.0372
137.19,0.0070
136.40,0.0267
133.46,0.0177
132.22,0.0243
131.55,0.0489
129.88,0.0417
129.62,0.0211
128.33,0.0595
127.43,0.0117
126.72,0.0313
126.47,0.0166
125.76,0.0372
125.02,0.0333
124.86,0.0152
121.87,0.0148
121.55,0.0083
120.85,0.0466
120.69,0.0079
120.30,0.0005
119.60,0.0151
118.93,0.0155
118.29,0.0070
117.90,0.0294
116.70,0.0399
116.07,0.0608
115.65,0.0111
115.37,0.0007
115.14,0.0014
114.54,0.0194
114.12,0.0739
113.71,0.0300
113.54,0.0235
113.40,0.0227
112.95,0.0258
112.26,0.0156
111.90,0.0206
111.44,0.0918
110.94,0.0455
110.53,0.0662
109.88,0.0415
109.62,0.0113
109.40,0.0049
109.25,0.0357
108.61,0.0131
108.27,0.0306
106.97,0.0090
106.72,0.0070
106.54,0.0111
105.99,0.0266
105.73,0.0140
105.36,0.0092
105.09,0.0114
104.53,0.0040
104.37,0.0401
104.05,0.0147
103.78,0.0038
103.37,0.0223
103.01,0.0172
102.88,0.0045
102.25,0.0298
102.05,0.0084
101.73,0.0129
101.62,0.0908
101.25,0.0371
101.03,0.0177
100.84,0.0428
100.66,0.0283
100.56,0.0088
100.12,0.0075
99.98,0.0974
99.57,0.0257
99.17,0.0270
98.99,0.0135
98.81,0.0230
98.62,0.0315
98.00,0.0499
97.81,0.0064
97.48,0.0209
97.17,0.0708
97.02,0.0311
96.78,0.0093
96.38,0.0612
96.04,0.0302
95.73,0.0370
95.60,0.0612
95.40,0.0585
95.17,0.0501
94.91,0.0263
94.75,0.0088
94.68,0.0086
94.36,0.0380
94.19,0.0443
93.82,0.0270
93.74,0.0506
93.38,0.0237
93.16,0.0242
93.05,0.0293
92.87,0.0222
92.50,0.0341
92.39,0.0052
92.25,0.1578
92.07,0.0266
91.91,0.0245
91.84,0.0225
91.53,0.0333
91.24,0.0308
91.15,0.0569
91.10,0.0149
90.64,0.0202
90.54,0.0373
90.34,0.0466
90.17,0.0657
90.02,0.0037
89.82,0.0150
89.51,0.0096
89.38,0.0101
89.10,0.0623
89.01,0.0015
88.86,0.0236
88.71,0.0199
88.36,0.0336
88.05,0.0022
87.89,0.0198
87.82,0.0036
87.64,0.0300
87.43,0.0346
87.23,0.0153
87.04,0.0400
87.02,0.0369
86.85,0.0726
86.70,0.0357
86.49,0.0227
86.35,0.0052
86.23,0.0432
86.17,0.0121
85.93,0.0208
85.67,0.0137
85.58,0.0564
85.51,0.1042
85.48,0.0185
85.24,0.0169
85.15,0.0831
84.95,0.0128
84.68,0.0346
84.60,0.0515
84.45,0.0118
84.25,0.0106
84.22,0.1365
84.05,0.0269
83.90,0.1669
83.84,0.0786
83.60,0.0246
83.36,0.0213
83.35,0.0239
83.29,0.0254
83.19,0.0124
83.16,0.0238
83.02,0.0736
82.90,0.0247
82.66,0.0339
82.61,0.0349
82.50,0.0044
82.34,0.0334
82.21,0.0434
82.11,0.0362
82.08,0.0266
81.91,0.0688
81.86,0.0344
81.69,0.0125
81.63,0.0694
81.52,0.0258
81.31,0.0292
81.14,0.0405
81.01,0.0668
80.95,0.0081
80.82,0.0029
80.66,0.0028
80.55,0.0435
80.45,0.0281
80.36,0.0087
80.19,0.0546
80.17,0.0305
80.07,0.0608
79.95,0.0318
79.80,0.0543
79.76,0.0342
79.64,0.0379
79.52,0.0046
79.38,0.1274
79.23,0.0658
79.01,0.0227
78.89,0.0468
78.66,0.0206
78.61,0.0181
78.44,0.0041
78.32,0.0112
78.26,0.0671
78.18,0.0235
78.06,0.1058
77.98,0.0162
77.81,0.0112
77.74,0.0164
77.69,0.0606
77.55,0.0096
77.43,0.0125
77.39,0.0027
77.28,0.0115
77.20,0.0030
77.13,0.0510
76.88,0.0120
76.85,0.0451
76.81,0.0447
76.72,0.0369
76.67,0.0707
76.59,0.0309
76.41,0.0352
76.35,0.0126
76.27,0.0125
76.21,0.0220
76.06,0.0320
75.86,0.0286
75.78,0.0340
75.74,0.0333
75.68,0.0233
75.54,0.0320
75.45,0.0762
75.29,0.0093
75.23,0.0372
75.17,0.0010
75.05,0.0089
75.00,0.0284
74.90,0.0103
74.86,0.0125
74.78,0.0261
74.66,0.0097
74.62,0.0518
74.47,0.0213
74.41,0.0288
74.27,0.0156
74.19,0.0057
74.05,0.0106
74.01,0.0410
73.97,0.0062
73.83,0.0381
73.71,0.0012
73.68,0.0343
73.61,0.0462
73.56,0.0110
73.49,0.0606
73.42,0.0972
73.33,0.0360
73.32,0.0097
73.27,0.0262
73.20,0.0110
73.07,0.0246
72.98,0.0503
72.92,0.0174
72.86,0.0176
72.74,0.0353
72.66,0.0228
72.64,0.0458
72.54,0.0144
72.50,0.0229
72.38,0.0083
72.37,0.0164
72.30,0.0346
72.26,0.0018
72.18,0.0073
72.04,0.0092
71.92,0.0087
71.82,0.0086
71.80,0.0191
71.75,0.0804
71.62,0.0106
71.61,0.0240
71.57,0.0782
71.43,0.0787
71.34,0.0010
71.27,0.1047
71.19,0.0371
71.10,0.0290
71.05,0.0204
70.84,0.0104
70.80,0.0158
70.73,0.0455
70.68,0.0034
70.58,0.0122
70.47,0.0466
70.41,0.0309
70.30,0.0046
70.26,0.0404
70.16,0.0278
70.09,0.0163
70.01,0.0101
69.95,0.0074
69.86,0.0164
69.83,0.0024
69.73,0.0318
69.66,0.0020
69.61,0.0182
69.57,0.0015
69.46,0.0111
69.39,0.0112
69.38,0.0471
69.31,0.0099
69.24,0.0362
69.16,0.0329
69.10,0.0122
69.08,0.0040
68.98,0.0285
68.96,0.0177
68.90,0.0124
68.83,0.0045
68.76,0.0089
68.71,0.0388
68.60,0.0571
68.56,0.0421
68.51,0.0247
68.48,0.0162
68.45,0.0110
68.34,0.0101
68.29,0.0024
68.12,0.0518
68.09,0.0235
67.96,0.0320
67.95,0.0579
67.88,0.0251
67.86,0.0250
67.79,0.0207
67.70,0.0173
67.69,0.0093
67.67,0.0246
67.56,0.0207
67.56,0.0313
67.41,0.0219
67.34,0.0006
67.32,0.0027
67.25,0.0062
67.13,0.0263
67.06,0.0356
67.00,0.0269
66.95,0.0040
66.87,0.0136
66.84,0.0221
66.76,0.0333
66.71,0.0376
66.66,0.0111
66.60,0.0242
66.51,0.0242
66.46,0.0117
66.42,0.0168
66.36,0.0228
66.29,0.0105
66.17,0.0051
66.10,0.0041
66.08,0.0023
66.05,0.0176
65.99,0.0264
65.94,0.0099
65.85,0.0429
65.80,0.0214
65.79,0.0116
65.76,0.0048
65.71,0.0043
65.68,0.0212
65.60,0.0591
65.49,0.0257
65.45,0.0373
65.42,0.0125
65.37,0.0461
65.33,0.0218
65.30,0.0029
65.27,0.0036
65.19,0.0277
65.13,0.0415
65.10,0.0062
65.02,0.0711
64.97,0.0234
64.93,0.0180
64.86,0.0126
64.78,0.0139
64.75,0.0065
64.70,0.0041
64.67,0.0272
64.60,0.0389
64.50,0.0005
64.44,0.0054
64.39,0.0424
64.25,0.0033
64.23,0.0142
64.16,0.0065
64.11,0.0129
64.10,0.0344
63.97,0.0451
63.94,0.0062
63.91,0.0131
63.86,0.0853
63.78,0.0284
63.77,0.0070
63.70,0.0213
63.66,0.0085
63.58,0.0098
63.55,0.0241
63.53,0.0536
63.44,0.0414
63.32,0.0336
63.24,0.0420
63.18,0.0288
63.17,0.0022
63.14,0.0496
63.09,0.0164
63.04,0.0232
62.99,0.0039
62.96,0.0042
62.92,0.0148
62.88,0.0143
62.86,0.0236
62.78,0.0043
62.76,0.0242
62.74,0.0029
62.71,0.0356
62.69,0.0604
62.59,0.0073
62.51,0.0068
62.48,0.0110
62.45,0.0101
62.40,0.0050
62.38,0.0033
62.36,0.0308
62.32,0.0218
62.23,0.0017
62.19,0.0265
62.15,0.0070
62.10,0.0045
62.08,0.0188
61.99,0.0101
61.96,0.0034
61.86,0.0155
61.81,0.0079
61.74,0.0145
61.67,0.0111
61.63,0.0557
61.57,0.0056
61.53,0.0043
61.48,0.0434
61.45,0.0037
61.34,0.0168
61.30,0.0075
61.22,0.0025
61.19,0.0065
61.12,0.0167
61.10,0.0096
61.06,0.0414
60.99,0.0162
60.94,0.0160
60.94,0.0441
60.84,0.0103
60.83,0.0242
60.79,0.0180
60.74,0.0359
60.68,0.0095
60.66,0.0129
60.62,0.0043
60.55,0.0415
60.53,0.0062
60.49,0.0179
60.42,0.0008
60.36,0.0169
60.33,0.0208
60.32,0.0026
60.24,0.0058
60.23,0.0234
60.22,0.0587
60.18,0.0775
60.11,0.0234
60.09,0.0019
60.07,0.0218
59.99,0.0010
59.96,0.0150
59.90,0.0456
59.80,0.0413
59.78,0.0013
59.74,0.0379
59.72,0.0074
59.63,0.0199
59.56,0.0155
59.54,0.0100
59.50,0.0149
59.46,0.0292
59.41,0.0357
59.40,0.0103
59.35,0.0106
59.29,0.0199
59.25,0.0061
59.22,0.0058
59.20,0.0489
59.13,0.0009
59.05,0.0053
59.00,0.0228
58.97,0.0187
58.93,0.0110
58.91,0.0253
58.86,0.0362
58.81,0.0005
58.79,0.0101
58.75,0.0233
58.74,0.0020
58.71,0.0013
58.63,0.0126
58.61,0.0175
58.56,0.0062
58.53,0.0015
58.49,0.0093
58.47,0.0076
58.41,0.0254
58.40,0.0144
58.37,0.0057
58.31,0.0128
58.24,0.0061
58.20,0.0126
58.13,0.0345
58.09,0.0362
58.06,0.0648
58.00,0.0332
57.97,0.0297
57.96,0.0585
57.87,0.0358
57.84,0.0102
57.81,0.0221
57.73,0.0023
57.67,0.0581
57.65,0.0068
57.63,0.0022
57.62,0.0129
57.55,0.0014
57.51,0.0028
57.49,0.0143
57.44,0.0582
57.42,0.0083
57.40,0.0342
57.35,0.0131
57.32,0.0351
57.28,0.0234
57.22,0.0091
57.17,0.0600
57.16,0.0206
57.09,0.0254
57.01,0.0276
56.96,0.0152
56.94,0.0266
56.90,0.0027
56.84,0.0080
56.78,0.0549
56.74,0.0028
56.74,0.0141
56.68,0.0066
56.66,0.0014
56.63,0.0181
56.60,0.0106
56.56,0.0158
56.53,0.0135
56.51,0.0051
56.49,0.0213
56.47,0.0038
56.45,0.0034
56.41,0.0263
56.37,0.0430
56.34,0.0152
56.31,0.0476
56.25,0.0082
56.20,0.0134
56.17,0.0065
56.15,0.0011
56.10,0.0023
56.09,0.0019
56.03,0.0320
55.99,0.0247
55.94,0.0192
55.90,0.0237
55.86,0.0257
55.85,0.0156
55.84,0.0110
55.75,0.0269
55.72,0.0169
55.69,0.0221
55.65,0.0326
55.61,0.0095
55.52,0.0237
55.47,0.0240
55.45,0.0143
55.43,0.0238
55.38,0.0008
55.36,0.0013
55.31,0.0256
55.29,0.0086
55.22,0.0011
55.20,0.0220
55.17,0.0047
55.12,0.0102
55.09,0.0201
55.04,0.0371
54.99,0.0364
54.97,0.0331
54.95,0.0337
54.93,0.0031
54.91,0.0217
54.88,0.0178
54.83,0.0520
54.80,0.0026
54.78,0.0348
54.73,0.0550
54.71,0.0087
54.67,0.0517
54.59,0.0020
54.57,0.0022
54.52,0.0560
54.48,0.0724
54.44,0.0155
54.42,0.0130
54.39,0.0081
54.38,0.0201
54.33,0.0093
54.29,0.0161
54.21,0.0240
54.21,0.0078
54.20,0.0437
54.14,0.0195
54.14,0.0141
54.07,0.0048
54.02,0.0173
54.01,0.0393
53.93,0.0135
53.88,0.0072
53.87,0.0018
53.82,0.0081
53.79,0.0119
53.75,0.0340
53.74,0.0755
53.71,0.0024
53.68,0.0210
53.63,0.0077
53.62,0.0433
53.58,0.0072
53.56,0.0011
53.50,0.0569
53.45,0.0098
53.42,0.0011
53.37,0.0381
53.34,0.0544
53.26,0.0231
53.25,0.0279
53.21,0.0120
53.17,0.0266
53.09,0.0359
53.08,0.0020
53.05,0.0951
52.98,0.0300
52.97,0.0178
52.93,0.0160
52.89,0.0520
52.88,0.0108
52.85,0.0015
52.82,0.0040
52.79,0.0210
52.75,0.0305
52.70,0.0653
52.69,0.0311
52.65,0.0237
52.64,0.0126
52.61,0.0014
52.59,0.0074
52.55,0.0644
52.49,0.0181
52.47,0.0229
52.44,0.0132
52.41,0.0077
52.38,0.0160
52.34,0.0181
52.32,0.0055
52.30,0.0444
52.29,0.0102
52.25,0.0114
52.22,0.0245
52.17,0.0383
52.14,0.0175
52.10,0.0134
52.08,0.0203
52.06,0.0114
52.05,0.0256
51.98,0.0349
51.97,0.0051
51.92,0.0300
51.89,0.0292
51.84,0.0141
51.82,0.0274
51.79,0.0084
51.78,0.0102
51.75,0.0014
51.74,0.0097
51.70,0.0058
51.66,0.0161
51.64,0.0249
51.61,0.0020
51.57,0.0263
51.55,0.0313
51.54,0.0048
51.50,0.0193
51.44,0.0149
51.41,0.0120
51.40,0.0016
51.36,0.0176
51.34,0.0134
51.31,0.0172
51.28,0.0069
51.26,0.0105
51.23,0.0111
51.20,0.0187
51.12,0.0099
51.08,0.0084
51.07,0.0278
51.05,0.0222
51.03,0.0086
51.01,0.0544
50.95,0.0658
50.93,0.0138
50.90,0.0024
50.85,0.0112
50.80,0.0045
50.78,0.0073
50.73,0.0088
50.70,0.0202
50.69,0.0429
50.64,0.0165
50.62,0.0215
50.61,0.0186
50.57,0.0266
50.54,0.0428
50.52,0.0075
50.49,0.0068
50.44,0.0055
50.42,0.0081
50.39,0.0099
50.38,0.0562
50.35,0.0219
50.31,0.0093
50.27,0.0065
50.26,0.0006
50.22,0.0214
50.21,0.0295
50.19,0.0044
50.18,0.0290
50.15,0.0103
50.12,0.0426
50.10,0.0100
50.08,0.0433
50.03,0.0123
50.00,0.0150
49.94,0.0025
49.91,0.0749
49.90,0.0038
49.87,0.0047
49.84,0.0226
49.83,0.0246
49.75,0.0008
49.73,0.0028
49.71,0.0017
49.65,0.0092
49.63,0.0146
49.60,0.0022
49.58,0.0026
49.57,0.0498
49.50,0.0144
49.48,0.0154
49.45,0.0141
49.42,0.0213
49.39,0.0034
49.36,0.0048
49.33,0.0003
49.32,0.0406
49.30,0.0408
49.27,0.0067
49.23,0.0100
49.19,0.0050
49.13,0.0271
49.12,0.0263
49.10,0.0086
49.06,0.0149
49.03,0.0092
48.99,0.0061
48.97,0.0102
48.95,0.0565
48.92,0.0156
48.88,0.0220
48.86,0.0320
48.84,0.0263
48.82,0.0351
48.79,0.0106
48.76,0.0082
48.72,0.0411
48.66,0.0046
48.64,0.0140
48.60,0.0343
48.56,0.0023
48.54,0.0279
48.52,0.0247
48.50,0.0163
48.48,0.0220
48.46,0.0084
48.42,0.0218
48.38,0.0024
48.35,0.0101
48.31,0.0008
48.30,0.0205
48.25,0.0027
48.20,0.0181
48.19,0.0026
48.18,0.0117
48.14,0.0076
48.10,0.0157
48.08,0.0150
48.06,0.0013
48.03,0.0270
48.00,0.0039
47.97,0.0115
47.94,0.0098
47.91,0.0132
47.89,0.0037
47.87,0.0032
47.86,0.0152
47.83,0.0049
47.81,0.0261
47.78,0.0115
47.75,0.0289
47.74,0.0044
47.69,0.0082
47.69,0.0081
47.67,0.0114
47.65,0.0072
47.64,0.0069
47.61,0.0084
47.59,0.0087
47.57,0.0186
47.53,0.0256
47.53,0.0322
47.47,0.0185
47.44,0.0037
47.43,0.0035
47.41,0.0232
47.36,0.0142
47.34,0.0160
47.29,0.0072
47.25,0.0089
47.24,0.0352
47.22,0.0159
47.19,0.0034
47.17,0.0029
47.17,0.0125
47.13,0.0175
47.11,0.0058
47.06,0.0382
47.02,0.0067
47.00,0.0033
46.99,0.0123
46.95,0.0020
46.95,0.0171
46.93,0.0315
46.90,0.0101
46.86,0.0025
46.85,0.0007
46.82,0.0045
46.78,0.0268
46.77,0.0203
46.74,0.0294
46.73,0.0119
46.72,0.0096
46.70,0.0026
46.67,0.0182
46.66,0.0355
46.64,0.0076
46.61,0.0204
46.58,0.0099
46.54,0.0172
46.50,0.0204
46.46,0.0202
46.46,0.0237
46.44,0.0410
46.42,0.0012
46.37,0.0192
46.36,0.0504
46.34,0.0005
46.34,0.0124
46.28,0.0056
46.26,0.0090
46.24,0.0206
46.22,0.0047
46.22,0.0402
46.18,0.0175
46.16,0.0189
46.15,0.0010
46.11,0.0017
46.10,0.0204
46.06,0.0307
46.03,0.0135
46.01,0.0162
45.97,0.0071
45.94,0.0061
45.93,0.0119
45.91,0.0168
45.89,0.0088
45.86,0.0016
45.82,0.0183
45.78,0.0270
45.76,0.0063
45.75,0.0029
45.72,0.0098
45.69,0.0043
45.67,0.0036
45.66,0.0120
45.62,0.0073
45.60,0.0116
45.57,0.0035
45.53,0.0010
45.53,0.0004
45.46,0.0164
45.45,0.0147
45.42,0.0246
45.40,0.0084
45.39,0.0259
45.37,0.0015
45.37,0.0168
45.30,0.0040
45.29,0.0038
45.25,0.0221
45.24,0.0078
45.24,0.0025
45.20,0.0039
45.17,0.0147
45.13,0.0150
45.13,0.0079
45.10,0.0036
45.07,0.0097
45.04,0.0038
45.03,0.0090
45.01,0.0315
44.99,0.0101
44.98,0.0023
44.93,0.0067
44.92,0.0039
44.87,0.0213
44.86,0.0145
44.84,0.0166
44.82,0.0170
44.80,0.0006
44.78,0.0101
44.73,0.0096
44.72,0.0007
44.68,0.0047
44.67,0.0065
44.64,0.0139
44.61,0.0139
44.59,0.0070
44.57,0.0084
44.56,0.0078
44.54,0.0306
44.52,0.0023
44.50,0.0103
44.47,0.0127
44.46,0.0012
44.44,0.0106
44.44,0.0055
44.41,0.0110
44.35,0.0316
44.33,0.0196
44.31,0.0061
44.29,0.0019
44.27,0.0015
44.24,0.0043
44.23,0.0228
44.22,0.0015
44.18,0.0007
44.15,0.0184
44.13,0.0316
44.12,0.0050
44.11,0.0053
44.08,0.0005
44.05,0.0140
44.04,0.0103
44.00,0.0356
43.98,0.0169
43.94,0.0020
43.94,0.0014
43.89,0.0122
43.88,0.0151
43.87,0.0128
43.85,0.0205
43.84,0.0195
43.78,0.0096
43.76,0.0269
43.71,0.0038
43.69,0.0098
43.68,0.0048
43.64,0.0115
43.62,0.0090
43.61,0.0537
43.57,0.0152
43.52,0.0174
43.51,0.0037
43.48,0.0270
43.46,0.0068
43.44,0.0292
43.42,0.0455
43.41,0.0056
43.39,0.0199
43.38,0.0037
43.35,0.0160
43.33,0.0009
43.32,0.0038
43.31,0.0039
43.28,0.0166
43.26,0.0232
43.25,0.0178
43.23,0.0135
43.21,0.0149
43.20,0.0159
43.18,0.0022
43.14,0.0118
43.13,0.0020
43.12,0.0078
43.09,0.0066
43.05,0.0085
43.01,0.0579
43.00,0.0277
42.97,0.0047
42.97,0.0044
42.93,0.0051
42.91,0.0008
42.89,0.0069
42.87,0.0092
42.84,0.0066
42.83,0.0187
42.81,0.0012
42.78,0.0390
42.76,0.0013
42.75,0.0025
42.72,0.0207
42.70,0.0126
42.69,0.0040
42.67,0.0086
42.65,0.0023
42.61,0.0196
42.60,0.0072
42.58,0.0394
42.56,0.0214
42.54,0.0101
42.50,0.0321
42.48,0.0185
42.47,0.0004
42.44,0.0045
42.43,0.0132
42.39,0.0061
42.38,0.0043
42.33,0.0054
42.31,0.0018
42.29,0.0062
42.27,0.0112
42.25,0.0159
42.22,0.0184
42.20,0.0049
42.19,0.0119
42.17,0.0339
42.13,0.0032
42.10,0.0158
42.08,0.0076
42.05,0.0033
42.01,0.0127
41.99,0.0071
41.98,0.0143
41.95,0.0108
41.90,0.0234
41.89,0.0273
41.86,0.0096
41.85,0.0064
41.84,0.0187
41.81,0.0169
41.79,0.0109
41.74,0.0067
41.72,0.0048
41.72,0.0062
41.69,0.0031
41.67,0.0118
41.66,0.0103
41.64,0.0085
41.63,0.0058
41.60,0.0174
41.58,0.0025
41.57,0.0154
41.55,0.0178
41.54,0.0129
41.51,0.0020
41.50,0.0323
41.48,0.0107
41.46,0.0036
41.44,0.0108
41.44,0.0102
41.42,0.0045
41.38,0.0086
41.37,0.0199
41.32,0.0017
41.30,0.0148
41.28,0.0133
41.25,0.0100
41.24,0.0097
41.21,0.0540
41.16,0.0007
41.15,0.0213
41.12,0.0224
41.11,0.0085
41.10,0.0040
41.08,0.0157
41.06,0.0053
41.03,0.0228
41.02,0.0110
41.00,0.0059
40.98,0.0048
40.95,0.0367
40.91,0.0009
40.88,0.0131
40.85,0.0088
40.83,0.0212
40.82,0.0251
40.79,0.0046
40.78,0.0307
40.77,0.0013
40.76,0.0057
40.71,0.0075
40.68,0.0078
40.67,0.0246
40.65,0.0126
40.63,0.0226
40.60,0.0162
40.58,0.0070
40.57,0.0170
40.55,0.0024
40.51,0.0132
40.49,0.0023
40.48,0.0112
40.45,0.0033
40.44,0.0054
40.41,0.0018
40.40,0.0167
40.38,0.0081
40.37,0.0104
40.34,0.0155
40.32,0.0340
40.31,0.0170
40.29,0.0060
40.24,0.0027
40.23,0.0224
40.20,0.0019
40.16,0.0302
40.15,0.0181
40.11,0.0092
40.10,0.0149
40.08,0.0347
40.07,0.0173
40.06,0.0226
40.01,0.0037
40.00,0.0405
39.97,0.0037
39.95,0.0045
39.93,0.0341
39.88,0.0192
39.88,0.0156
39.86,0.0187
39.83,0.0031
39.81,0.0183
39.79,0.0043
39.78,0.0047
39.75,0.0295
39.72,0.0075
39.71,0.0021
39.70,0.0129
39.69,0.0211
39.66,0.0150
39.64,0.0071
39.59,0.0054
39.58,0.0099
39.55,0.0018
39.53,0.0101
39.51,0.0052
39.49,0.0114
39.47,0.0242
39.45,0.0174
39.41,0.0078
39.40,0.0154
39.38,0.0132
39.34,0.0102
39.31,0.0027
39.30,0.0159
39.28,0.0016
39.27,0.0095
39.26,0.0037
39.22,0.0071
39.21,0.0022
39.20,0.0049
39.18,0.0110
39.15,0.0063
39.15,0.0192
39.13,0.0167
39.11,0.0123
39.10,0.0058
39.08,0.0012
39.04,0.0067
39.04,0.0370
39.03,0.0088
39.01,0.0043
38.97,0.0034
38.96,0.0053
38.93,0.0038
38.90,0.0106
38.89,0.0102
38.87,0.0090
38.83,0.0017
38.82,0.0056
38.81,0.0023
38.78,0.0061
38.76,0.0129
38.73,0.0049
38.70,0.0031
38.68,0.0012
38.66,0.0010
38.65,0.0099
38.64,0.0063
38.62,0.0035
38.59,0.0132
38.58,0.0008
38.57,0.0005
38.55,0.0092
38.54,0.0049
38.53,0.0074
38.52,0.0126
38.48,0.0388
38.48,0.0017
38.47,0.0281
38.46,0.0035
38.42,0.0003
38.39,0.0118
38.37,0.0039
38.34,0.0214
38.32,0.0032
38.30,0.0154
38.28,0.0233
38.26,0.0060
38.25,0.0190
38.23,0.0179
38.21,0.0012
38.20,0.0116
38.17,0.0069
38.17,0.0059
38.14,0.0006
38.11,0.0037
38.08,0.0250
38.07,0.0058
38.04,0.0071
38.01,0.0007
37.99,0.0017
37.98,0.0054
37.96,0.0059
37.93,0.0186
37.90,0.0062
37.86,0.0028
37.86,0.0061
37.85,0.0006
37.82,0.0006
37.81,0.0142
37.79,0.0006
37.77,0.0025
37.74,0.0020
37.73,0.0065
37.72,0.0045
37.71,0.0066
37.68,0.0342
37.66,0.0004
37.64,0.0037
37.63,0.0017
37.61,0.0057
37.59,0.0014
37.58,0.0122
37.56,0.0070
37.54,0.0210
37.51,0.0137
37.49,0.0131
37.48,0.0137
37.43,0.0031
37.43,0.0036
37.42,0.0168
37.42,0.0066
37.39,0.0177
37.36,0.0041
37.35,0.0026
37.35,0.0118
37.34,0.0096
37.28,0.0159
37.27,0.0027
37.26,0.0110
37.22,0.0049
37.20,0.0062
37.19,0.0170
37.17,0.0084
37.16,0.0130
37.13,0.0033
37.12,0.0090
37.12,0.0110
37.10,0.0060
37.07,0.0073
37.05,0.0191
37.02,0.0163
37.01,0.0028
36.99,0.0103
36.96,0.0118
36.95,0.0040
36.95,0.0125
36.93,0.0106
36.92,0.0168
36.90,0.0042
36.86,0.0260
36.86,0.0050
36.84,0.0170
36.81,0.0027
36.80,0.0099
36.78,0.0026
36.76,0.0008
36.75,0.0012
36.75,0.0029
36.72,0.0076
36.70,0.0039
36.68,0.0041
36.68,0.0048
36.65,0.0005
36.62,0.0002
36.60,0.0082
36.59,0.0084
36.58,0.0084
36.57,0.0070
36.55,0.0085
36.53,0.0032
36.51,0.0035
36.48,0.0074
36.47,0.0046
36.45,0.0128
36.44,0.0089
36.41,0.0162
36.36,0.0062
36.34,0.0115
36.31,0.0055
36.29,0.0032
36.27,0.0073
36.26,0.0125
36.24,0.0038
36.22,0.0085
36.20,0.0024
36.18,0.0022
36.17,0.0022
36.15,0.0041
36.12,0.0154
36.11,0.0098
36.06,0.0010
36.04,0.0216
36.02,0.0081
36.01,0.0166
36.00,0.0009
35.97,0.0055
35.96,0.0127
35.95,0.0073
35.94,0.0013
35.91,0.0116
35.89,0.0045
35.87,0.0088
35.86,0.0035
35.84,0.0006
35.81,0.0045
35.80,0.0058
35.80,0.0054
35.76,0.0066
35.74,0.0036
35.73,0.0108
35.72,0.0016
35.71,0.0083
35.68,0.0090
35.67,0.0076
35.66,0.0045
35.64,0.0003
35.63,0.0027
35.62,0.0044
35.60,0.0139
35.56,0.0025
35.56,0.0079
35.55,0.0016
35.54,0.0120
35.52,0.0020
35.51,0.0003
35.50,0.0008
35.47,0.0114
35.43,0.0055
35.43,0.0055
35.40,0.0076
35.38,0.0000
35.36,0.0046
35.35,0.0015
35.33,0.0139
35.30,0.0117
35.28,0.0197
35.25,0.0040
35.23,0.0206
35.21,0.0014
35.21,0.0149
35.14,0.0019
35.13,0.0057
35.10,0.0054
35.09,0.0024
35.07,0.0013
35.06,0.0059
35.04,0.0023
35.02,0.0132
35.01,0.0027
34.99,0.0035
34.96,0.0184
34.95,0.0052
34.94,0.0030
34.92,0.0048
34.92,0.0007
34.91,0.0084
34.90,0.0144
34.89,0.0059
34.88,0.0066
34.84,0.0015
34.82,0.0017
34.80,0.0073
34.78,0.0041
34.75,0.0091
34.74,0.0046
34.73,0.0094
34.71,0.0062
34.68,0.0062
34.66,0.0105
34.65,0.0079
34.63,0.0069
34.61,0.0032
34.61,0.0108
34.60,0.0035
34.57,0.0029
34.55,0.0072
34.53,0.0060
34.53,0.0039
34.51,0.0051
34.51,0.0010
34.49,0.0043
34.47,0.0017
34.42,0.0067
34.41,0.0086
34.41,0.0035
34.37,0.0055
34.36,0.0038
34.34,0.0049
34.31,0.0013
34.30,0.0015
34.28,0.0178
34.26,0.0273
34.24,0.0058
34.22,0.0094
34.21,0.0025
34.19,0.0025
34.17,0.0150
34.13,0.0055
34.12,0.0051
34.10,0.0044
34.08,0.0101
34.04,0.0172
34.02,0.0032
34.02,0.0103
33.99,0.0020
33.98,0.0082
33.98,0.0041
33.94,0.0074
33.93,0.0064
33.89,0.0089
33.88,0.0033
33.87,0.0023
33.86,0.0016
33.85,0.0092
33.82,0.0057
33.81,0.0174
33.78,0.0098
33.78,0.0088
33.77,0.0173
33.75,0.0025
33.73,0.0054
33.72,0.0069
33.70,0.0091
33.69,0.0006
33.68,0.0017
33.66,0.0013
33.65,0.0051
33.63,0.0021
33.62,0.0083
33.61,0.0073
33.58,0.0153
33.56,0.0061
33.55,0.0094
33.50,0.0025
33.49,0.0149
33.46,0.0054
33.45,0.0018
33.43,0.0127
33.40,0.0074
33.39,0.0084
33.37,0.0041
33.36,0.0031
33.36,0.0022
33.32,0.0039
33.28,0.0087
33.25,0.0075
33.24,0.0134
33.23,0.0047
33.21,0.0027
33.18,0.0007
33.18,0.0195
33.16,0.0078
33.13,0.0002
33.12,0.0007
33.12,0.0022
33.08,0.0115
33.07,0.0032
33.05,0.0046
33.04,0.0027
33.04,0.0096
33.01,0.0082
32.99,0.0017
32.97,0.0003
32.96,0.0001
32.94,0.0024
32.92,0.0007
32.90,0.0156
32.88,0.0150
32.87,0.0029
32.85,0.0084
32.84,0.0015
32.83,0.0017
32.79,0.0028
32.77,0.0098
32.74,0.0084
32.73,0.0093
32.71,0.0162
32.68,0.0023
32.66,0.0082
32.65,0.0061
32.62,0.0018
32.61,0.0154
32.57,0.0036
32.56,0.0053
32.54,0.0069
32.53,0.0026
32.50,0.0008
32.49,0.0110
32.47,0.0091
32.45,0.0041
32.44,0.0027
32.43,0.0131
32.42,0.0038
32.41,0.0067
32.40,0.0016
32.38,0.0097
32.35,0.0047
32.33,0.0009
32.32,0.0102
32.30,0.0027
32.29,0.0045
32.26,0.0022
32.25,0.0150
32.22,0.0017
32.21,0.0305
32.16,0.0013
32.16,0.0027
32.13,0.0087
32.12,0.0026
32.11,0.0095
32.08,0.0065
32.06,0.0097
32.05,0.0076
32.01,0.0081
32.00,0.0047
31.94,0.0013
31.94,0.0076
31.92,0.0118
31.88,0.0020
31.87,0.0039
31.86,0.0011
31.84,0.0022
31.81,0.0004
31.80,0.0041
31.78,0.0025
31.76,0.0029
31.72,0.0026
31.70,0.0026
31.69,0.0010
31.68,0.0012
31.64,0.0026
31.63,0.0029
31.63,0.0046
31.60,0.0095
31.58,0.0028
31.57,0.0028
31.55,0.0034
31.54,0.0083
31.53,0.0142
31.52,0.0040
31.50,0.0034
31.47,0.0018
31.46,0.0051
31.45,0.0110
31.44,0.0032
31.43,0.0103
31.42,0.0012
31.40,0.0081
31.37,0.0021
31.36,0.0014
31.35,0.0048
31.33,0.0054
31.31,0.0054
31.29,0.0100
31.28,0.0055
31.26,0.0090
31.25,0.0023
31.24,0.0048
31.21,0.0011
31.20,0.0042
31.19,0.0082
31.17,0.0012
31.16,0.0009
31.14,0.0031
31.13,0.0164
31.11,0.0040
31.10,0.0088
31.08,0.0023
31.06,0.0038
31.04,0.0006
31.02,0.0002
30.97,0.0009
30.97,0.0052
30.95,0.0064
30.92,0.0012
30.91,0.0044
30.87,0.0012
30.85,0.0004
30.82,0.0042
30.80,0.0042
30.79,0.0009
30.78,0.0023
30.77,0.0088
30.75,0.0022
30.73,0.0013
30.71,0.0014
30.70,0.0026
30.68,0.0049
30.67,0.0026
30.66,0.0066
30.65,0.0065
30.62,0.0006
30.60,0.0005
30.59,0.0067
30.59,0.0011
30.56,0.0018
30.54,0.0071
30.53,0.0021
30.51,0.0029
30.50,0.0004
30.49,0.0017
30.47,0.0013
30.46,0.0050
30.44,0.0048
30.42,0.0025
30.41,0.0043
30.36,0.0072
30.31,0.0033
30.30,0.0005
30.28,0.0101
30.28,0.0006
30.26,0.0026
30.25,0.0031
30.24,0.0073
30.22,0.0175
30.21,0.0068
30.17,0.0041
30.17,0.0029
30.14,0.0053
30.13,0.0070
30.11,0.0044
30.10,0.0020
30.08,0.0011
30.07,0.0006
30.06,0.0030
30.05,0.0038
30.03,0.0038
30.01,0.0035
29.96,0.0137
29.94,0.0062
29.93,0.0054
29.91,0.0021
29.90,0.0038
29.88,0.0072
29.85,0.0128
29.85,0.0042
29.84,0.0105
29.83,0.0049
29.82,0.0028
29.79,0.0014
29.78,0.0100
29.76,0.0084
29.73,0.0002
29.70,0.0061
29.69,0.0077
29.67,0.0040
29.64,0.0026
29.63,0.0028
29.62,0.0014
29.57,0.0014
29.54,0.0078
29.52,0.0104
29.50,0.0035
29.49,0.0041
29.48,0.0125
29.46,0.0010
29.45,0.0108
29.43,0.0029
29.42,0.0047
29.40,0.0045
29.40,0.0076
29.37,0.0023
29.36,0.0046
29.34,0.0124
29.33,0.0095
29.31,0.0115
29.30,0.0029
29.27,0.0109
29.26,0.0082
29.24,0.0039
29.22,0.0019
29.22,0.0065
29.20,0.0191
29.20,0.0010
29.16,0.0050
29.15,0.0016
29.14,0.0113
29.13,0.0017
29.11,0.0036
29.10,0.0021
29.09,0.0034
29.08,0.0026
29.03,0.0049
29.02,0.0016
29.01,0.0067
29.00,0.0189
28.97,0.0042
28.94,0.0047
28.93,0.0055
28.91,0.0013
28.90,0.0051
28.88,0.0035
28.87,0.0051
28.85,0.0030
28.84,0.0061
28.83,0.0018
28.81,0.0035
28.81,0.0067
28.78,0.0016
28.77,0.0072
28.76,0.0183
28.74,0.0041
28.73,0.0157
28.69,0.0172
28.68,0.0058
28.65,0.0012
28.64,0.0023
28.63,0.0048
28.62,0.0046
28.61,0.0106
28.59,0.0025
28.55,0.0047
28.53,0.0045
28.52,0.0032
28.51,0.0011
28.49,0.0019
28.47,0.0081
28.45,0.0082
28.43,0.0020
28.40,0.0100
28.40,0.0109
28.37,0.0023
28.37,0.0009
28.34,0.0011
28.32,0.0019
28.31,0.0126
28.30,0.0020
28.28,0.0043
28.27,0.0027
28.25,0.0005
28.24,0.0098
28.23,0.0153
28.22,0.0022
28.19,0.0015
28.18,0.0006
28.16,0.0111
28.15,0.0039
28.14,0.0027
28.12,0.0041
28.11,0.0034
28.09,0.0006
28.07,0.0038
28.04,0.0044
28.03,0.0012
28.02,0.0008
27.99,0.0146
27.98,0.0015
27.97,0.0035
27.95,0.0037
27.93,0.0033
27.91,0.0046
27.90,0.0115
27.88,0.0040
27.86,0.0004
27.84,0.0051
27.82,0.0019
27.81,0.0049
27.80,0.0090
27.77,0.0044
27.76,0.0029
27.73,0.0103
27.73,0.0006
27.71,0.0013
27.68,0.0039
27.67,0.0007
27.66,0.0017
27.66,0.0102
27.62,0.0130
27.61,0.0147
27.58,0.0059
27.56,0.0070
27.54,0.0115
27.54,0.0040
27.49,0.0006
27.48,0.0186
27.48,0.0052
27.46,0.0119
27.46,0.0049
27.43,0.0001
27.42,0.0126
27.41,0.0017
27.40,0.0094
27.37,0.0058
27.36,0.0025
27.35,0.0038
27.34,0.0033
27.30,0.0011
27.28,0.0017
27.27,0.0019
27.25,0.0041
27.25,0.0049
27.21,0.0022
27.19,0.0020
27.18,0.0022
27.16,0.0028
27.15,0.0033
27.13,0.0017
27.12,0.0056
27.09,0.0074
27.08,0.0079
27.05,0.0081
27.04,0.0098
27.02,0.0084
27.01,0.0009
26.99,0.0015
26.95,0.0005
26.94,0.0049
26.93,0.0090
26.93,0.0058
26.91,0.0312
26.90,0.0058
26.85,0.0011
26.84,0.0015
26.83,0.0061
26.82,0.0042
26.80,0.0013
26.79,0.0086
26.78,0.0009
26.74,0.0114
26.74,0.0013
26.72,0.0123
26.71,0.0075
26.67,0.0040
26.66,0.0025
26.65,0.0089
26.61,0.0036
26.58,0.0013
26.58,0.0028
26.57,0.0172
26.55,0.0015
26.53,0.0032
26.52,0.0006
26.51,0.0086
26.49,0.0007
26.47,0.0006
26.45,0.0026
26.44,0.0072
26.42,0.0029
26.41,0.0046
26.37,0.0058
26.35,0.0064
26.34,0.0013
26.33,0.0066
26.31,0.0195
26.29,0.0042
26.28,0.0047
26.27,0.0039
26.25,0.0007
26.23,0.0034
26.22,0.0149
26.19,0.0008
26.18,0.0038
26.17,0.0061
26.14,0.0120
26.13,0.0124
26.10,0.0014
26.08,0.0102
26.07,0.0026
26.06,0.0130
26.05,0.0009
26.04,0.0055
26.03,0.0107
26.00,0.0027
26.00,0.0092
25.98,0.0024
25.97,0.0053
25.95,0.0016
25.94,0.0021
25.93,0.0021
25.92,0.0194
25.89,0.0015
25.88,0.0013
25.87,0.0079
25.86,0.0024
25.83,0.0031
25.82,0.0007
25.78,0.0206
25.77,0.0021
25.75,0.0076
25.74,0.0005
25.72,0.0003
25.70,0.0078
25.70,0.0122
25.66,0.0033
25.65,0.0124
25.62,0.0089
25.61,0.0097
25.59,0.0054
25.58,0.0059
25.57,0.0056
25.56,0.0014
25.54,0.0122
25.53,0.0027
25.52,0.0027
25.50,0.0044
25.49,0.0067
25.48,0.0028
25.45,0.0003
25.45,0.0015
25.41,0.0011
25.40,0.0032
25.38,0.0087
25.37,0.0009
25.34,0.0016
25.33,0.0006
25.31,0.0043
25.29,0.0006
25.29,0.0057
25.27,0.0039
25.27,0.0016
25.25,0.0004
25.22,0.0049
25.20,0.0009
25.19,0.0087
25.18,0.0039
25.17,0.0052
25.15,0.0059
25.14,0.0094
25.13,0.0118
25.09,0.0059
25.08,0.0014
25.07,0.0092
25.03,0.0044
25.01,0.0111
25.00,0.0077
24.98,0.0058
24.97,0.0084
24.95,0.0070
24.93,0.0026
24.90,0.0031
24.88,0.0303
24.86,0.0079
24.83,0.0040
24.80,0.0059
24.79,0.0175
24.76,0.0098
24.76,0.0043
24.75,0.0008
24.74,0.0085
24.71,0.0038
24.70,0.0046
24.69,0.0029
24.66,0.0072
24.65,0.0003
24.63,0.0082
24.62,0.0045
24.61,0.0039
24.59,0.0044
24.58,0.0134
24.57,0.0013
24.55,0.0103
24.52,0.0028
24.52,0.0035
24.51,0.0025
24.51,0.0060
24.48,0.0096
24.47,0.0112
24.44,0.0098
24.44,0.0126
24.42,0.0036
24.41,0.0058
24.40,0.0171
24.38,0.0030
24.37,0.0020
24.36,0.0114
24.34,0.0103
24.31,0.0205
24.30,0.0027
24.27,0.0064
24.27,0.0033
24.25,0.0008
24.24,0.0060
24.22,0.0020
24.20,0.0045
24.17,0.0005
24.16,0.0057
24.15,0.0049
24.15,0.0038
24.13,0.0092
24.12,0.0117
24.10,0.0170
24.08,0.0011
24.06,0.0083
24.06,0.0034
24.04,0.0047
24.02,0.0016
24.01,0.0025
24.01,0.0133
24.00,0.0078
23.98,0.0112
23.97,0.0025
23.95,0.0140
23.93,0.0037
23.92,0.0053
23.92,0.0082
23.90,0.0011
23.90,0.0067
23.87,0.0132
23.87,0.0021
23.84,0.0047
23.83,0.0044
23.82,0.0035
23.80,0.0157
23.79,0.0062
23.76,0.0053
23.75,0.0050
23.74,0.0031
23.73,0.0011
23.72,0.0045
23.71,0.0030
23.69,0.0127
23.68,0.0027
23.67,0.0026
23.66,0.0016
23.63,0.0197
23.61,0.0022
23.61,0.0122
23.59,0.0161
23.57,0.0012
23.56,0.0111
23.54,0.0310
23.54,0.0099
23.53,0.0159
23.52,0.0018
23.51,0.0046
23.48,0.0036
23.45,0.0153
23.44,0.0218
23.42,0.0014
23.42,0.0059
23.40,0.0110
23.37,0.0036
23.36,0.0170
23.35,0.0166
23.34,0.0116
23.33,0.0090
23.31,0.0051
23.28,0.0079
23.27,0.0078
23.27,0.0296
23.26,0.0222
23.25,0.0182
23.24,0.0054
23.23,0.0177
23.21,0.0470
23.20,0.0028
23.19,0.0012
23.18,0.0130
23.16,0.0076
23.15,0.0046
23.14,0.0327
23.12,0.0017
23.08,0.0129
23.07,0.0097
23.06,0.0131
23.04,0.0149
23.04,0.0056
23.03,0.0273
23.02,0.0113
23.00,0.0159
23.00,0.0007
22.99,0.0006
22.97,0.0045
22.96,0.0186
22.94,0.0042
22.92,0.0104
22.90,0.0073
22.88,0.0110
22.86,0.0064
22.85,0.0189
22.84,0.0239
22.83,0.0090
22.81,0.0020
22.80,0.0119
22.78,0.0067
22.76,0.0140
22.74,0.0069
22.73,0.0066
22.72,0.0029
22.72,0.0043
22.71,0.0014
22.70,0.0180
22.69,0.0022
22.68,0.0026
22.68,0.0341
22.65,0.0149
22.65,0.0062
22.64,0.0018
22.63,0.0009
22.60,0.0026
22.59,0.0028
22.58,0.0213
22.56,0.0079
22.55,0.0111
22.54,0.0021
22.53,0.0165
22.51,0.0044
22.50,0.0046
22.48,0.0174
22.47,0.0102
22.46,0.0069
22.45,0.0109
22.44,0.0026
22.43,0.0063
22.41,0.0072
22.40,0.0013
22.39,0.0253
22.37,0.0022
22.35,0.0104
22.33,0.0098
22.32,0.0024
22.32,0.0019
22.31,0.0201
22.29,0.0093
22.28,0.0087
22.28,0.0101
22.26,0.0113
22.26,0.0127
22.24,0.0325
22.24,0.0199
22.23,0.0074
22.22,0.0013
22.21,0.0257
22.20,0.0101
22.19,0.0180
22.18,0.0024
22.17,0.0101
22.16,0.0121
22.14,0.0020
22.12,0.0228
22.12,0.0263
22.09,0.0190
22.08,0.0044
22.07,0.0012
22.06,0.0013
22.04,0.0092
22.03,0.0071
22.01,0.0168
21.99,0.0017
21.99,0.0036
21.98,0.0012
21.97,0.0106
21.96,0.0060
21.95,0.0027
21.93,0.0028
21.92,0.0075
21.90,0.0116
21.90,0.0022
21.88,0.0327
21.87,0.0007
21.85,0.0135
21.84,0.0127
21.83,0.0048
21.81,0.0019
21.80,0.0047
21.80,0.0005
21.78,0.0042
21.76,0.0014
21.75,0.0007
21.74,0.0014
21.74,0.0001
21.72,0.0015
21.72,0.0118
21.70,0.0067
21.68,0.0062
21.68,0.0055
21.68,0.0104
21.66,0.0114
21.65,0.0369
21.64,0.0061
21.62,0.0034
21.61,0.0046
21.60,0.0085
21.59,0.0017
21.57,0.0025
21.57,0.0036
21.55,0.0016
21.53,0.0073
21.53,0.0248
21.52,0.0075
21.50,0.0009
21.49,0.0046
21.48,0.0018
21.47,0.0101
21.45,0.0269
21.45,0.0171
21.45,0.0100
21.44,0.0090
21.43,0.0039
21.42,0.0088
21.41,0.0059
21.40,0.0077
21.39,0.0034
21.37,0.0194
21.36,0.0148
21.35,0.0273
21.34,0.0088
21.33,0.0111
21.31,0.0035
21.29,0.0063
21.28,0.0266
21.27,0.0069
21.26,0.0011
21.25,0.0123
21.24,0.0036
21.23,0.0116
21.22,0.0116
21.20,0.0026
21.20,0.0019
21.18,0.0230
21.18,0.0143
21.17,0.0074
21.16,0.0047
21.16,0.0070
21.14,0.0006
21.13,0.0230
21.11,0.0094
21.10,0.0029
21.08,0.0033
21.08,0.0154
21.06,0.0104
21.05,0.0009
21.03,0.0014
21.01,0.0137
21.01,0.0181
21.00,0.0398
20.99,0.0181
20.98,0.0007
20.98,0.0070
20.96,0.0060
20.95,0.0044
20.93,0.0040
20.93,0.0340
20.92,0.0043
20.91,0.0166
20.91,0.0434
20.90,0.0093
20.88,0.0051
20.87,0.0040
20.86,0.0068
20.85,0.0037
20.84,0.0038
20.83,0.0083
20.81,0.0032
20.81,0.0200
20.80,0.0052
20.78,0.0142
20.78,0.0035
20.77,0.0054
20.77,0.0188
20.75,0.0022
20.73,0.0021
20.73,0.0120
20.71,0.0156
20.70,0.0079
20.68,0.0015
20.67,0.0018
20.67,0.0144
20.64,0.0074
20.64,0.0073
20.62,0.0006
20.61,0.0009
20.58,0.0045
20.56,0.0074
20.55,0.0149
20.54,0.0059
20.53,0.0167
20.52,0.0105
20.52,0.0107
20.51,0.0028
20.49,0.0034
20.47,0.0037
20.47,0.0048
20.45,0.0080
20.45,0.0016
20.44,0.0096
20.42,0.0053
20.41,0.0038
20.41,0.0206
20.41,0.0277
20.40,0.0093
20.39,0.0476
20.37,0.0150
20.37,0.0093
20.37,0.0152
20.35,0.0199
20.34,0.0078
20.34,0.0013
20.33,0.0247
20.32,0.0133
20.32,0.0032
20.31,0.0245
20.30,0.0172
20.28,0.0002
20.26,0.0013
20.25,0.0018
20.23,0.0075
20.23,0.0033
20.22,0.0004
20.22,0.0059
20.21,0.0131
20.19,0.0076
20.18,0.0066
20.17,0.0053
20.16,0.0017
20.15,0.0086
20.14,0.0073
20.13,0.0014
20.12,0.0123
20.12,0.0048
20.11,0.0062
20.10,0.0176
20.09,0.0050
20.08,0.0082
20.08,0.0118
20.06,0.0064
20.06,0.0121
20.03,0.0162
20.03,0.0101
20.02,0.0067
20.01,0.0014
20.00,0.0200
19.98,0.0050
19.98,0.0040
19.97,0.0031
19.96,0.0037
19.95,0.0065
19.93,0.0098
19.92,0.0082
19.92,0.0021
19.91,0.0045
19.90,0.0024
19.89,0.0033
19.87,0.0058
19.87,0.0151
19.85,0.0113
19.84,0.0094
19.84,0.0053
19.82,0.0007
19.82,0.0006
19.81,0.0117
19.81,0.0031
19.80,0.0111
19.79,0.0046
19.78,0.0346
19.77,0.0217
19.77,0.0026
19.76,0.0127
19.75,0.0259
19.74,0.0162
19.74,0.0549
19.73,0.0031
19.72,0.0064
19.71,0.0079
19.70,0.0021
19.69,0.0037
19.66,0.0021
19.66,0.0033
19.64,0.0132
19.64,0.0063
19.63,0.0067
19.61,0.0094
19.61,0.0030
19.60,0.0124
19.59,0.0016
19.57,0.0043
19.56,0.0155
19.55,0.0025
19.54,0.0188
19.54,0.0137
19.53,0.0099
19.52,0.0023
19.52,0.0074
19.51,0.0020
19.50,0.0019
19.49,0.0064
19.48,0.0036
19.47,0.0069
19.45,0.0204
19.45,0.0046
19.42,0.0036
19.42,0.0101
19.41,0.0011
19.41,0.0055
19.39,0.0059
19.38,0.0013
19.38,0.0016
19.37,0.0146
19.37,0.0016
19.35,0.0153
19.34,0.0031
19.34,0.0038
19.33,0.0016
19.32,0.0127
19.32,0.0005
19.31,0.0086
19.31,0.0049
19.29,0.0053
19.29,0.0017
19.28,0.0045
19.27,0.0031
19.26,0.0163
19.26,0.0170
19.24,0.0023
19.24,0.0008
19.23,0.0042
19.23,0.0125
19.22,0.0034
19.22,0.0055
19.20,0.0095
19.18,0.0035
19.18,0.0062
19.15,0.0330
19.14,0.0082
19.13,0.0051
19.13,0.0142
19.12,0.0266
19.11,0.0069
19.10,0.0147
19.08,0.0102
19.07,0.0073
19.07,0.0132
19.04,0.0017
19.04,0.0005
19.03,0.0091
19.01,0.0003
19.00,0.0076
19.00,0.0104
18.99,0.0060
18.99,0.0177
18.98,0.0007
18.97,0.0042
18.96,0.0099
18.96,0.0041
18.96,0.0178
18.94,0.0045
18.94,0.0014
18.93,0.0037
18.93,0.0069
18.92,0.0131
18.92,0.0113
18.91,0.0145
18.90,0.0131
18.90,0.0140
18.88,0.0113
18.88,0.0107
18.87,0.0020
18.86,0.0010
18.85,0.0066
18.83,0.0077
18.82,0.0056
18.81,0.0127
18.80,0.0226
18.79,0.0070
18.77,0.0094
18.75,0.0056
18.75,0.0044
18.74,0.0002
18.73,0.0039
18.72,0.0015
18.72,0.0061
18.71,0.0053
18.70,0.0025
18.69,0.0058
18.68,0.0108
18.67,0.0006
18.66,0.0053
18.65,0.0057
18.64,0.0096
18.64,0.0044
18.63,0.0009
18.63,0.0130
18.62,0.0012
18.62,0.0069
18.62,0.0059
18.60,0.0072
18.59,0.0053
18.58,0.0050
18.58,0.0138
18.58,0.0037
18.57,0.0022
18.56,0.0030
18.55,0.0086
18.55,0.0026
18.54,0.0046
18.54,0.0067
18.53,0.0197
18.52,0.0230
18.51,0.0050
18.51,0.0068
18.49,0.0067
18.49,0.0040
18.46,0.0014
18.45,0.0032
18.45,0.0097
18.43,0.0002
18.42,0.0020
18.42,0.0132
18.41,0.0113
18.40,0.0105
18.39,0.0038
18.38,0.0091
18.37,0.0064
18.36,0.0064
18.35,0.0046
18.33,0.0023
18.33,0.0006
18.32,0.0151
18.32,0.0036
18.30,0.0056
18.30,0.0022
18.29,0.0046
18.27,0.0026
18.26,0.0064
18.26,0.0146
18.26,0.0013
18.26,0.0015
18.24,0.0128
18.21,0.0081
18.21,0.0019
18.20,0.0080
18.20,0.0026
18.19,0.0025
18.19,0.0127
18.18,0.0025
18.18,0.0009
18.16,0.0223
18.15,0.0285
18.14,0.0055
18.14,0.0038
18.13,0.0008
18.11,0.0009
18.11,0.0106
18.10,0.0052
18.10,0.0005
18.08,0.0027
18.07,0.0092
18.06,0.0235
18.05,0.0006
18.04,0.0007
18.04,0.0016
18.03,0.0006
18.03,0.0010
18.02,0.0073
18.02,0.0052
18.01,0.0056
18.01,0.0036
17.99,0.0023
17.98,0.0021
17.98,0.0023
17.97,0.0036
17.96,0.0025
17.95,0.0157
17.94,0.0007
17.94,0.0190
17.93,0.0010
17.93,0.0028
17.93,0.0058
17.91,0.0003
17.91,0.0036
17.90,0.0029
17.88,0.0009
17.87,0.0042
17.87,0.0016
17.86,0.0016
17.85,0.0034
17.84,0.0133
17.82,0.0034
17.81,0.0016
17.80,0.0040
17.79,0.0023
17.79,0.0006
17.78,0.0038
17.78,0.0111
17.77,0.0017
17.76,0.0046
17.75,0.0010
17.75,0.0061
17.75,0.0007
17.74,0.0047
17.73,0.0008
17.73,0.0020
17.70,0.0055
17.70,0.0055
17.69,0.0051
17.68,0.0027
17.67,0.0020
17.67,0.0023
17.66,0.0036
17.65,0.0028
17.65,0.0062
17.65,0.0018
17.64,0.0008
17.64,0.0018
17.63,0.0030
17.62,0.0033
17.61,0.0034
17.60,0.0042
17.60,0.0039
17.60,0.0030
17.59,0.0034
17.58,0.0035
17.57,0.0024
17.56,0.0017
17.56,0.0083
17.55,0.0045
17.55,0.0009
17.53,0.0011
17.53,0.0012
17.53,0.0010
17.52,0.0031
17.52,0.0008
17.49,0.0113
17.48,0.0020
17.48,0.0008
17.47,0.0157
17.46,0.0077
17.46,0.0031
17.45,0.0010
17.44,0.0021
17.44,0.0068
17.43,0.0032
17.43,0.0015
17.42,0.0014
17.42,0.0032
17.41,0.0051
17.39,0.0026
17.39,0.0049
17.38,0.0059
17.37,0.0062
17.36,0.0123
17.36,0.0018
17.34,0.0049
17.34,0.0017
17.33,0.0127
17.33,0.0018
17.32,0.0017
17.30,0.0057
17.30,0.0001
17.29,0.0041
17.28,0.0013
17.26,0.0078
17.26,0.0047
17.25,0.0013
17.24,0.0111
17.24,0.0012
17.23,0.0091
17.22,0.0079
17.22,0.0027
17.21,0.0073
17.20,0.0028
17.19,0.0007
17.18,0.0023
17.18,0.0052
17.16,0.0070
17.16,0.0030
17.15,0.0018
17.14,0.0024
17.13,0.0007
17.12,0.0028
17.11,0.0010
17.11,0.0012
17.10,0.0045
17.10,0.0032
17.09,0.0165
17.08,0.0058
17.07,0.0012
17.07,0.0084
17.06,0.0017
17.04,0.0223
17.04,0.0119
17.03,0.0062
17.02,0.0084
17.02,0.0140
17.01,0.0050
17.00,0.0034
16.99,0.0014
16.98,0.0046
16.97,0.0011
16.97,0.0022
16.95,0.0044
16.93,0.0011
16.93,0.0006
16.92,0.0115
16.91,0.0057
16.91,0.0053
16.90,0.0062
16.89,0.0019
16.89,0.0001
16.88,0.0034
16.87,0.0012
16.86,0.0010
16.85,0.0035
16.85,0.0042
16.84,0.0043
16.83,0.0032
16.82,0.0105
16.81,0.0042
16.80,0.0085
16.79,0.0058
16.79,0.0057
16.78,0.0017
16.77,0.0094
16.76,0.0060
16.76,0.0017
16.75,0.0080
16.74,0.0012
16.73,0.0009
16.73,0.0058
16.72,0.0061
16.72,0.0108
16.71,0.0039
16.71,0.0062
16.70,0.0033
16.69,0.0046
16.69,0.0056
16.68,0.0019
16.67,0.0005
16.66,0.0035
16.65,0.0368
16.65,0.0060
16.64,0.0050
16.63,0.0176
16.62,0.0083
16.61,0.0026
16.60,0.0008
16.60,0.0020
16.59,0.0013
16.58,0.0009
16.57,0.0192
16.56,0.0012
16.55,0.0031
16.55,0.0026
16.54,0.0035
16.54,0.0039
16.54,0.0019
16.53,0.0029
16.52,0.0043
16.51,0.0075
16.51,0.0208
16.50,0.0108
16.49,0.0032
16.48,0.0019
16.47,0.0082
16.47,0.0049
16.45,0.0046
16.44,0.0013
16.43,0.0004
16.42,0.0004
16.42,0.0022
16.41,0.0039
16.41,0.0069
16.39,0.0112
16.38,0.0064
16.38,0.0010
16.37,0.0026
16.36,0.0005
16.35,0.0020
16.34,0.0034
16.33,0.0024
16.33,0.0003
16.32,0.0017
16.30,0.0021
16.28,0.0076
16.28,0.0027
16.28,0.0225
16.27,0.0047
16.26,0.0094
16.25,0.0007
16.24,0.0006
16.24,0.0049
16.23,0.0026
16.22,0.0029
16.22,0.0009
16.21,0.0199
16.20,0.0055
16.19,0.0162
16.18,0.0104
16.18,0.0026
16.16,0.0048
16.16,0.0049
16.16,0.0083
16.15,0.0226
16.13,0.0017
16.12,0.0038
16.11,0.0031
16.11,0.0008
16.10,0.0039
16.09,0.0015
16.08,0.0009
16.07,0.0009
16.07,0.0009
16.06,0.0008
16.05,0.0015
16.04,0.0135
16.03,0.0028
16.03,0.0114
16.03,0.0042
16.02,0.0019
16.00,0.0045
16.00,0.0036
15.98,0.0090
15.98,0.0057
15.97,0.0063
15.97,0.0085
15.95,0.0061
15.95,0.0273
15.94,0.0046
15.94,0.0065
15.93,0.0134
15.92,0.0053
15.92,0.0115
15.91,0.0298
15.90,0.0177
15.89,0.0105
15.89,0.0101
15.88,0.0073
15.88,0.0102
15.87,0.0046
15.86,0.0017
15.85,0.0028
15.85,0.0097
15.84,0.0018
15.83,0.0109
15.83,0.0017
15.83,0.0084
15.82,0.0065
15.80,0.0011
15.79,0.0031
15.78,0.0021
15.78,0.0030
15.77,0.0090
15.76,0.0032
15.75,0.0009
15.74,0.0038
15.74,0.0050
15.73,0.0104
15.72,0.0044
15.72,0.0007
15.71,0.0115
15.70,0.0100
15.68,0.0003
15.68,0.0279
15.68,0.0024
15.67,0.0113
15.66,0.0009
15.64,0.0075
15.64,0.0042
15.64,0.0001
15.63,0.0104
15.62,0.0029
15.61,0.0426
15.61,0.0040
15.60,0.0019
15.60,0.0054
15.60,0.0110
15.59,0.0024
15.57,0.0532
15.57,0.0371
15.56,0.0125
15.56,0.0052
15.54,0.0044
15.54,0.0009
15.54,0.0092
15.53,0.0195
15.53,0.0063
15.52,0.0015
15.52,0.0004
15.51,0.0047
15.50,0.0061
15.49,0.0051
15.49,0.0034
15.48,0.0049
15.47,0.0215
15.46,0.0023
15.46,0.0039
15.46,0.0070
15.45,0.0075
15.44,0.0053
15.43,0.0081
15.43,0.0078
15.42,0.0029
15.41,0.0043
15.40,0.0068
15.39,0.0005
15.39,0.0042
15.38,0.0011
15.38,0.0051
15.37,0.0038
15.36,0.0150
15.34,0.0117
15.33,0.0179
15.33,0.0080
15.31,0.0248
15.31,0.0053
15.30,0.0042
15.29,0.0083
15.28,0.0044
15.28,0.0033
15.27,0.0046
15.26,0.0040
15.25,0.0118
15.25,0.0010
15.24,0.0044
15.23,0.0128
15.22,0.0065
15.22,0.0284
15.21,0.0106
15.20,0.0242
15.18,0.0059
15.18,0.0051
15.17,0.0060
15.16,0.0064
15.16,0.0018
15.14,0.0022
15.12,0.0066
15.10,0.0200
15.09,0.0094
15.08,0.0120
15.07,0.0069
15.06,0.0055
15.06,0.0009
15.05,0.0014
15.05,0.0016
15.05,0.0177
15.04,0.0061
15.03,0.0031
15.03,0.0062
15.00,0.0029
15.00,0.0041
14.98,0.0019
14.97,0.0123
14.97,0.0033
14.97,0.0015
14.96,0.0066
14.96,0.0056
14.95,0.0138
14.94,0.0229
14.94,0.0032
14.93,0.0026
14.91,0.0003
14.90,0.0157
14.89,0.0055
14.88,0.0092
14.88,0.0056
14.86,0.0021
14.86,0.0138
14.86,0.0008
14.85,0.0046
14.85,0.0015
14.85,0.0045
14.84,0.0149
14.83,0.0140
14.82,0.0189
14.82,0.0053
14.81,0.0173
14.81,0.0019
14.79,0.0075
14.78,0.0027
14.78,0.0034
14.77,0.0069
14.76,0.0042
14.75,0.0054
14.74,0.0100
14.73,0.0077
14.73,0.0068
14.72,0.0021
14.71,0.0285
14.70,0.0055
14.69,0.0033
14.68,0.0027
14.68,0.0002
14.67,0.0045
14.64,0.0045
14.64,0.0053
14.63,0.0032
14.62,0.0081
14.61,0.0007
14.59,0.0028
14.59,0.0102
14.58,0.0011
14.58,0.0031
14.57,0.0135
14.56,0.0058
14.56,0.0008
14.55,0.0015
14.55,0.0014
14.54,0.0016
14.54,0.0029
14.53,0.0000
14.52,0.0011
14.50,0.0031
14.49,0.0077
14.49,0.0109
14.48,0.0036
14.46,0.0009
14.46,0.0003
14.45,0.0004
14.44,0.0017
14.44,0.0003
14.43,0.0013
14.42,0.0104
14.41,0.0200
14.41,0.0005
14.41,0.0145
14.40,0.0023
14.38,0.0010
14.38,0.0032
14.37,0.0066
14.36,0.0030
14.35,0.0043
14.33,0.0012
14.31,0.0030
14.31,0.0033
14.30,0.0008
14.30,0.0010
14.29,0.0010
14.28,0.0350
14.27,0.0029
14.27,0.0019
14.26,0.0075
14.25,0.0007
14.25,0.0010
14.24,0.0044
14.24,0.0104
14.23,0.0051
14.22,0.0068
14.22,0.0038
14.20,0.0050
14.20,0.0075
14.19,0.0021
14.18,0.0074
14.18,0.0012
14.17,0.0028
14.17,0.0017
14.16,0.0005
14.15,0.0182
14.14,0.0049
14.14,0.0113
14.13,0.0005
14.13,0.0021
14.11,0.0126
14.10,0.0040
14.09,0.0118
14.09,0.0019
14.08,0.0042
14.07,0.0012
14.06,0.0016
14.05,0.0063
14.03,0.0046
14.02,0.0006
14.01,0.0065
14.00,0.0003
14.00,0.0063
13.98,0.0027
13.98,0.0238
13.97,0.0060
13.96,0.0011
13.96,0.0141
13.94,0.0024
13.94,0.0027
13.94,0.0028
13.94,0.0010
13.92,0.0016
13.91,0.0016
13.90,0.0077
13.90,0.0062
13.89,0.0056
13.89,0.0208
13.87,0.0098
13.87,0.0055
13.86,0.0199
13.85,0.0073
13.84,0.0239
13.83,0.0004
13.82,0.0032
13.81,0.0073
13.81,0.0017
13.80,0.0033
13.80,0.0068
13.80,0.0041
13.78,0.0072
13.76,0.0036
13.76,0.0085
13.75,0.0134
13.75,0.0030
13.74,0.0076
13.73,0.0105
13.72,0.0047
13.70,0.0012
13.70,0.0028
13.70,0.0005
13.69,0.0023
13.69,0.0122
13.68,0.0076
13.65,0.0032
13.65,0.0125
13.64,0.0035
13.63,0.0010
13.63,0.0080
13.62,0.0012
13.61,0.0004
13.59,0.0114
13.59,0.0010
13.58,0.0043
13.57,0.0020
13.57,0.0016
13.57,0.0038
13.55,0.0041
13.54,0.0006
13.54,0.0061
13.53,0.0016
13.53,0.0024
13.51,0.0057
13.51,0.0030
13.50,0.0058
13.50,0.0020
13.48,0.0037
13.47,0.0029
13.46,0.0065
13.45,0.0064
13.44,0.0034
13.43,0.0074
13.42,0.0049
13.40,0.0011
13.39,0.0040
13.38,0.0034
13.37,0.0027
13.37,0.0035
13.36,0.0005
13.35,0.0026
13.34,0.0052
13.33,0.0038
13.33,0.0015
13.32,0.0008
13.32,0.0024
13.31,0.0026
13.30,0.0058
13.30,0.0389
13.28,0.0065
13.28,0.0258
13.28,0.0028
13.26,0.0092
13.26,0.0160
13.26,0.0142
13.25,0.0053
13.24,0.0069
13.24,0.0065
13.23,0.0058
13.22,0.0072
13.21,0.0016
13.20,0.0011
13.19,0.0017
13.19,0.0013
13.18,0.0003
13.16,0.0021
13.16,0.0080
13.15,0.0043
13.15,0.0034
13.15,0.0201
13.13,0.0084
13.12,0.0129
13.12,0.0019
13.12,0.0054
13.11,0.0066
13.09,0.0014
13.09,0.0190
13.08,0.0009
13.08,0.0025
13.07,0.0057
13.07,0.0010
13.06,0.0013
13.03,0.0073
13.03,0.0024
13.02,0.0001
13.01,0.0012
13.01,0.0006
13.00,0.0026
12.99,0.0102
12.99,0.0041
12.99,0.0106
12.98,0.0003
12.98,0.0013
12.96,0.0011
12.95,0.0122
12.94,0.0006
12.94,0.0079
12.94,0.0006
12.92,0.0057
12.91,0.0018
12.91,0.0001
12.89,0.0078
12.89,0.0065
12.87,0.0048
12.87,0.0024
12.86,0.0015
12.85,0.0106
12.84,0.0042
12.84,0.0081
12.82,0.0114
12.81,0.0012
12.80,0.0051
12.80,0.0162
12.79,0.0002
12.78,0.0024
12.77,0.0269
12.77,0.0007
12.76,0.0055
12.76,0.0078
12.75,0.0022
12.75,0.0074
12.74,0.0055
12.72,0.0008
12.72,0.0019
12.71,0.0017
12.70,0.0047
12.69,0.0001
12.69,0.0063
12.67,0.0036
12.67,0.0075
12.64,0.0000
12.64,0.0012
12.62,0.0095
12.61,0.0139
12.60,0.0045
12.60,0.0016
12.59,0.0025
12.59,0.0011
12.56,0.0065
12.56,0.0001
12.55,0.0043
12.54,0.0025
12.54,0.0008
12.53,0.0015
12.51,0.0024
12.50,0.0122
12.48,0.0029
12.48,0.0061
12.47,0.0006
12.46,0.0154
12.45,0.0041
12.44,0.0079
12.42,0.0056
12.42,0.0008
12.41,0.0123
12.40,0.0079
12.40,0.0039
12.38,0.0033
12.38,0.0014
12.37,0.0009
12.36,0.0007
12.36,0.0043
12.35,0.0003
12.34,0.0011
12.34,0.0035
12.33,0.0015
12.33,0.0015
12.32,0.0001
12.31,0.0056
12.30,0.0153
12.29,0.0211
12.29,0.0002
12.28,0.0034
12.27,0.0014
12.27,0.0024
12.26,0.0263
12.24,0.0031
12.24,0.0035
12.24,0.0021
12.22,0.0022
12.22,0.0016
12.21,0.0036
12.20,0.0128
12.20,0.0012
12.19,0.0194
12.18,0.0067
12.17,0.0073
12.16,0.0019
12.16,0.0052
12.14,0.0035
12.14,0.0016
12.13,0.0019
12.13,0.0014
12.11,0.0082
12.11,0.0036
12.10,0.0027
12.10,0.0046
12.08,0.0137
12.08,0.0033
12.07,0.0037
12.06,0.0172
12.05,0.0012
12.04,0.0129
12.01,0.0002
11.99,0.0068
11.99,0.0143
11.96,0.0053
11.95,0.0013
11.95,0.0008
11.94,0.0036
11.93,0.0048
11.92,0.0012
11.91,0.0021
11.91,0.0024
11.90,0.0030
11.90,0.0024
11.89,0.0071
11.88,0.0028
11.87,0.0090
11.87,0.0015
11.86,0.0021
11.85,0.0225
11.85,0.0084
11.84,0.0057
11.82,0.0129
11.82,0.0008
11.81,0.0041
11.81,0.0029
11.79,0.0008
11.79,0.0038
11.77,0.0012
11.77,0.0006
11.77,0.0009
11.76,0.0053
11.73,0.0083
11.73,0.0029
11.72,0.0008
11.71,0.0026
11.71,0.0017
11.71,0.0123
11.70,0.0191
11.69,0.0010
11.66,0.0162
11.65,0.0005
11.64,0.0158
11.64,0.0045
11.62,0.0131
11.61,0.0088
11.60,0.0006
11.59,0.0020
11.59,0.0021
11.58,0.0111
11.56,0.0009
11.56,0.0004
11.55,0.0025
11.53,0.0071
11.53,0.0031
11.51,0.0068
11.51,0.0035
11.50,0.0031
11.49,0.0050
11.48,0.0009
11.48,0.0032
11.46,0.0002
11.45,0.0079
11.44,0.0014
11.44,0.0017
11.43,0.0044
11.43,0.0030
11.42,0.0026
11.42,0.0001
11.41,0.0005
11.40,0.0017
11.38,0.0051
11.36,0.0007
11.35,0.0027
11.35,0.0010
11.33,0.0034
11.32,0.0031
11.30,0.0037
11.29,0.0006
11.28,0.0044
11.28,0.0016
11.27,0.0018
11.26,0.0007
11.25,0.0023
11.24,0.0002
11.24,0.0008
11.23,0.0065
11.23,0.0008
11.22,0.0018
11.21,0.0012
11.18,0.0011
11.18,0.0056
11.16,0.0064
11.16,0.0013
11.15,0.0116
11.14,0.0003
11.13,0.0014
11.12,0.0049
11.11,0.0032
11.10,0.0058
11.08,0.0003
11.06,0.0030
11.05,0.0135
11.05,0.0067
11.02,0.0052
11.00,0.0039
10.99,0.0038
10.97,0.0011
10.97,0.0001
10.96,0.0030
10.96,0.0013
10.95,0.0009
10.94,0.0004
10.89,0.0036
10.88,0.0004
10.86,0.0020
10.84,0.0085
10.84,0.0015
10.83,0.0104
10.80,0.0019
10.78,0.0056
10.76,0.0010
10.74,0.0003
10.72,0.0037
10.71,0.0016
10.69,0.0000
10.68,0.0019
10.63,0.0039
10.62,0.0082
10.59,0.0009
10.55,0.0023
10.53,0.0022
10.50,0.0017
10.49,0.0001
10.44,0.0018
10.43,0.0021
10.42,0.0023
10.36,0.0004
10.35,0.0008
10.33,0.0014
10.28,0.0003
10.23,0.0052
10.19,0.0032
10.17,0.0002
10.15,0.0019
10.13,0.0018
10.09,0.0005
10.00,0.0004
9.93,0.0006
9.92,0.0018
9.86,0.0004
9.75,0.0004
