212.96,0.4042
201.98,0.1196
188.84,0.0088
183.42,0.0109
181.37,0.0203
177.82,0.0026
174.87,0.0787
166.90,0.0714
163.77,0.0632
159.35,0.0254
155.80,0.0028
153.66,0.0215
150.16,0.0595
146.75,0.0117
145.42,0.0170
144.01,0.0098
142.41,0.0086
138.93,0.0240
138.15,0.0133
136.51,0.0255
135.19,0.0182
134.22,0.0089
133.89,0.0385
131.46,0.0140
129.80,0.0025
129.11,0.0120
127.77,0.0125
126.77,0.0031
125.41,0.0039
124.39,0.0119
121.91,0.0172
121.19,0.0204
120.27,0.0166
120.01,0.0278
119.34,0.0574
118.67,0.0164
117.73,0.0257
116.76,0.0035
116.30,0.0500
115.70,0.0042
114.90,0.0099
114.34,0.0724
114.16,0.0009
113.57,0.0269
112.91,0.0067
111.80,0.0109
111.66,0.0327
110.26,0.0229
109.74,0.0361
109.22,0.0645
109.10,0.0658
108.58,0.0060
108.26,0.0029
107.45,0.1369
107.05,0.0144
106.35,0.0028
106.27,0.0049
105.85,0.0136
105.17,0.0133
104.43,0.0342
104.17,0.0088
103.15,0.0790
102.81,0.0102
102.53,0.0101
101.90,0.0122
101.67,0.0149
100.64,0.0868
100.15,0.0074
100.08,0.0201
99.64,0.0575
99.48,0.0464
99.12,0.0004
98.90,0.0327
98.64,0.0502
98.49,0.0182
98.19,0.0097
97.82,0.0594
97.44,0.1197
97.30,0.0105
96.95,0.0197
96.77,0.0476
96.53,0.0236
96.15,0.0390
96.00,0.0365
95.86,0.0170
95.59,0.0224
95.42,0.0525
95.08,0.0420
94.84,0.0513
94.34,0.0787
94.11,0.0511
93.90,0.0842
93.67,0.1050
93.41,0.0161
93.04,0.0104
92.93,0.0484
92.78,0.0192
92.57,0.0191
92.38,0.0549
92.01,0.0090
91.74,0.0218
91.59,0.0084
91.19,0.0358
91.08,0.0150
90.94,0.0015
90.75,0.0059
90.56,0.0135
90.43,0.0066
90.11,0.0044
89.74,0.0317
89.62,0.0101
89.54,0.0160
89.31,0.0063
89.03,0.0198
88.79,0.0094
88.67,0.0218
88.54,0.0027
88.37,0.0441
88.29,0.0548
88.15,0.1339
87.97,0.0442
87.71,0.0024
87.66,0.0006
87.26,0.0224
87.17,0.0117
87.12,0.0177
86.92,0.0177
86.64,0.0264
86.57,0.0142
86.40,0.0035
86.31,0.0478
85.98,0.0076
85.77,0.0067
85.73,0.0099
85.58,0.0223
85.51,0.0274
85.28,0.0206
84.87,0.0093
84.73,0.0324
84.47,0.0348
84.36,0.0236
84.12,0.0013
83.87,0.0039
83.74,0.0085
83.41,0.0298
83.37,0.0094
83.21,0.0118
83.14,0.0240
83.07,0.0110
82.73,0.0232
82.64,0.0376
82.42,0.0878
82.24,0.0426
82.03,0.0115
81.89,0.1292
81.79,0.1283
81.57,0.0374
81.51,0.0044
81.38,0.0251
81.35,0.0046
81.11,0.0506
80.91,0.0363
80.86,0.0267
80.65,0.0480
80.63,0.0062
80.53,0.0318
80.25,0.1339
80.23,0.0275
80.08,0.0141
79.97,0.0277
79.70,0.0222
79.60,0.0107
79.46,0.0207
79.29,0.0282
79.13,0.0051
78.97,0.0132
78.79,0.0032
78.76,0.0034
78.63,0.0199
78.55,0.0316
78.41,0.0073
78.32,0.0422
78.27,0.0642
78.19,0.0054
78.04,0.0698
77.89,0.0062
77.85,0.0118
77.65,0.0094
77.65,0.0054
77.42,0.0257
77.30,0.0229
77.23,0.0866
77.13,0.0267
76.97,0.0037
76.95,0.0044
76.74,0.0168
76.61,0.0102
76.50,0.0134
76.43,0.0045
76.36,0.0101
76.20,0.0065
76.12,0.0048
76.02,0.0665
75.99,0.0212
75.88,0.0608
75.75,0.0090
75.69,0.0338
75.64,0.0288
75.38,0.1050
75.35,0.0671
75.22,0.0156
75.08,0.0289
74.99,0.0076
74.78,0.0480
74.65,0.0068
74.62,0.0258
74.57,0.0053
74.41,0.0081
74.25,0.0117
74.22,0.0007
74.10,0.0136
74.05,0.0039
74.03,0.0039
73.94,0.0289
73.76,0.0030
73.69,0.0020
73.60,0.0184
73.57,0.2230
73.50,0.0094
73.28,0.0034
73.16,0.0138
73.15,0.0453
73.04,0.0453
72.92,0.0041
72.84,0.0214
72.79,0.0413
72.70,0.0431
72.62,0.0012
72.45,0.0154
72.41,0.0212
72.34,0.0351
72.27,0.0792
72.23,0.0319
72.07,0.0341
71.89,0.0219
71.86,0.0101
71.82,0.0322
71.68,0.0061
71.52,0.0123
71.45,0.0102
71.34,0.0024
71.29,0.0200
71.13,0.0449
71.08,0.0160
70.91,0.0071
70.87,0.0008
70.80,0.0597
70.70,0.0362
70.63,0.0386
70.57,0.0411
70.48,0.0015
70.42,0.0195
70.35,0.0240
70.29,0.0650
70.14,0.0423
70.00,0.0211
69.98,0.0636
69.94,0.0084
69.83,0.0033
69.77,0.0027
69.73,0.0108
69.64,0.0003
69.54,0.0153
69.49,0.0251
69.33,0.0131
69.27,0.0140
69.16,0.0113
69.11,0.0077
69.07,0.0236
68.98,0.0042
68.85,0.0124
68.81,0.0129
68.76,0.0305
68.65,0.0015
68.53,0.0207
68.50,0.0121
68.45,0.0400
68.38,0.0206
68.30,0.0379
68.21,0.0143
68.19,0.0184
68.12,0.0519
68.07,0.0217
67.98,0.0147
67.95,0.0079
67.83,0.0111
67.80,0.0524
67.67,0.0524
67.63,0.0218
67.59,0.0041
67.50,0.0395
67.43,0.0013
67.39,0.0068
67.34,0.0112
67.20,0.0269
67.13,0.0097
67.10,0.0214
67.02,0.0376
67.02,0.0084
66.96,0.0247
66.89,0.0465
66.84,0.0084
66.72,0.0376
66.62,0.0020
66.60,0.0154
66.51,0.0243
66.50,0.0172
66.41,0.0520
66.33,0.0270
66.21,0.0141
66.17,0.0099
66.10,0.0103
66.03,0.0185
65.93,0.0124
65.91,0.0150
65.82,0.0380
65.76,0.0196
65.72,0.0007
65.67,0.0124
65.62,0.0090
65.56,0.0106
65.48,0.0267
65.42,0.0054
65.41,0.0484
65.34,0.0326
65.26,0.0065
65.22,0.0023
65.14,0.0060
65.08,0.0390
65.02,0.0226
64.97,0.0155
64.92,0.0828
64.90,0.0359
64.88,0.0205
64.78,0.0222
64.72,0.0949
64.61,0.0537
64.56,0.0043
64.43,0.0248
64.36,0.0359
64.30,0.0135
64.24,0.0137
64.18,0.0293
64.07,0.0066
64.03,0.0137
63.98,0.0727
63.92,0.0091
63.86,0.0182
63.79,0.0118
63.76,0.0032
63.71,0.0304
63.64,0.0034
63.56,0.0201
63.53,0.0135
63.47,0.0607
63.41,0.0125
63.27,0.0061
63.21,0.0521
63.15,0.0601
63.14,0.0449
63.10,0.0379
63.02,0.0306
62.97,0.0427
62.91,0.0015
62.83,0.0375
62.79,0.0039
62.74,0.0393
62.60,0.0236
62.56,0.0042
62.44,0.0008
62.38,0.0568
62.31,0.0510
62.30,0.0173
62.23,0.0372
62.15,0.0085
62.10,0.0029
62.05,0.0041
62.03,0.0260
61.97,0.0419
61.93,0.0079
61.89,0.0710
61.84,0.0076
61.79,0.0070
61.69,0.0183
61.62,0.0044
61.61,0.0593
61.54,0.0109
61.51,0.0047
61.41,0.0763
61.36,0.0092
61.32,0.0580
61.25,0.0142
61.17,0.0193
61.10,0.0025
61.05,0.0280
60.98,0.0084
60.95,0.0223
60.90,0.0520
60.82,0.0141
60.75,0.0100
60.75,0.0262
60.71,0.0167
60.64,0.0127
60.61,0.0167
60.57,0.0215
60.49,0.0033
60.45,0.0074
60.40,0.0070
60.33,0.0154
60.27,0.0136
60.23,0.0200
60.17,0.0167
60.13,0.0038
60.04,0.0283
59.97,0.0095
59.92,0.0213
59.87,0.0550
59.85,0.0209
59.83,0.0231
59.76,0.0118
59.66,0.0088
59.60,0.0012
59.57,0.0112
59.53,0.0213
59.48,0.0160
59.43,0.0308
59.37,0.0010
59.33,0.0146
59.21,0.0183
59.16,0.0264
59.15,0.0263
59.07,0.0243
58.99,0.0385
58.95,0.0152
58.87,0.0092
58.86,0.0397
58.78,0.0208
58.77,0.0140
58.71,0.0780
58.68,0.0150
58.63,0.0720
58.56,0.0089
58.54,0.0309
58.46,0.0347
58.44,0.0327
58.41,0.0089
58.31,0.0106
58.24,0.0046
58.21,0.0168
58.15,0.0324
58.12,0.0873
58.06,0.0232
57.98,0.0164
57.92,0.0551
57.84,0.0040
57.80,0.0329
57.74,0.0169
57.71,0.0056
57.69,0.0307
57.66,0.0160
57.62,0.0035
57.59,0.0018
57.56,0.0194
57.53,0.0037
57.48,0.0264
57.42,0.0015
57.40,0.0022
57.39,0.0027
57.32,0.0321
57.30,0.0294
57.26,0.0323
57.18,0.0086
57.15,0.0141
57.10,0.0190
57.09,0.0046
57.05,0.0363
57.01,0.0141
56.95,0.0215
56.93,0.0203
56.90,0.0309
56.84,0.0176
56.80,0.0698
56.67,0.0096
56.64,0.0078
56.61,0.0098
56.56,0.0540
56.53,0.0062
56.46,0.0016
56.44,0.0115
56.41,0.0291
56.33,0.0090
56.28,0.0140
56.28,0.0360
56.20,0.0298
56.16,0.0058
56.14,0.0109
56.12,0.0012
56.10,0.0426
56.04,0.0415
56.00,0.0102
55.97,0.0053
55.91,0.0035
55.84,0.0182
55.81,0.0315
55.76,0.0031
55.72,0.0143
55.72,0.0182
55.69,0.0237
55.67,0.0145
55.62,0.1011
55.56,0.0204
55.54,0.0185
55.51,0.0230
55.44,0.0204
55.40,0.0104
55.39,0.0018
55.33,0.0700
55.32,0.0543
55.25,0.0114
55.17,0.0135
55.14,0.0136
55.09,0.0082
55.05,0.0299
55.01,0.0054
54.99,0.0098
54.98,0.0397
54.95,0.0102
54.86,0.0022
54.84,0.0253
54.76,0.0022
54.74,0.0023
54.72,0.0031
54.66,0.0347
54.62,0.0245
54.60,0.0181
54.58,0.0035
54.55,0.0312
54.51,0.0023
54.44,0.0870
54.41,0.0363
54.37,0.0316
54.34,0.0546
54.33,0.0142
54.24,0.0222
54.21,0.0376
54.19,0.0121
54.17,0.0367
54.13,0.0198
54.10,0.0161
54.04,0.0154
54.01,0.0423
53.97,0.0111
53.91,0.0097
53.88,0.0439
53.82,0.0221
53.78,0.0137
53.76,0.0318
53.71,0.0092
53.66,0.0033
53.61,0.0282
53.59,0.0687
53.58,0.0597
53.53,0.0163
53.49,0.0156
53.45,0.0351
53.41,0.0471
53.39,0.0373
53.33,0.0016
53.25,0.0249
53.23,0.0084
53.21,0.0064
53.17,0.0158
53.14,0.0089
53.10,0.0046
53.04,0.0035
53.03,0.0223
52.98,0.0113
52.96,0.0004
52.89,0.0229
52.87,0.0307
52.82,0.0051
52.80,0.0382
52.78,0.0028
52.71,0.0126
52.64,0.0181
52.61,0.0104
52.60,0.0275
52.54,0.0060
52.53,0.0117
52.51,0.0318
52.46,0.0120
52.46,0.0149
52.38,0.0122
52.33,0.0089
52.29,0.0171
52.27,0.0449
52.20,0.0482
52.16,0.0056
52.14,0.0051
52.10,0.0120
52.05,0.0025
52.04,0.0040
52.02,0.0410
51.97,0.0047
51.90,0.0262
51.85,0.0109
51.81,0.0150
51.80,0.0081
51.77,0.0380
51.72,0.0121
51.70,0.0374
51.65,0.0463
51.58,0.0244
51.57,0.0053
51.55,0.0178
51.51,0.0106
51.47,0.0211
51.44,0.0120
51.37,0.0199
51.36,0.0405
51.35,0.0091
51.31,0.0071
51.22,0.0084
51.22,0.0193
51.20,0.0057
51.19,0.0093
51.16,0.0163
51.15,0.0160
51.12,0.0532
51.09,0.0179
51.04,0.0157
51.03,0.0057
50.97,0.0063
50.95,0.0247
50.88,0.0013
50.87,0.0030
50.85,0.0333
50.80,0.0741
50.75,0.0130
50.67,0.0251
50.67,0.0081
50.60,0.0131
50.58,0.0272
50.54,0.0220
50.51,0.0071
50.47,0.0336
50.44,0.0411
50.41,0.0163
50.38,0.0191
50.34,0.0060
50.30,0.0129
50.23,0.0090
50.20,0.0165
50.18,0.0083
50.15,0.0453
50.13,0.0176
50.11,0.0619
50.06,0.0198
50.04,0.0350
49.99,0.0478
49.98,0.0130
49.87,0.0187
49.84,0.0098
49.80,0.0171
49.77,0.0146
49.72,0.0066
49.69,0.0022
49.67,0.0459
49.63,0.0068
49.62,0.0049
49.58,0.0256
49.56,0.0078
49.55,0.0180
49.53,0.0068
49.49,0.0034
49.44,0.0049
49.43,0.0129
49.42,0.0150
49.40,0.0090
49.37,0.0090
49.35,0.0172
49.32,0.0311
49.29,0.0075
49.26,0.0070
49.25,0.0102
49.20,0.0130
49.14,0.0206
49.12,0.0052
49.10,0.0121
49.07,0.0004
49.04,0.0139
49.01,0.0096
48.97,0.0023
48.94,0.0137
48.91,0.0047
48.89,0.0052
48.85,0.0070
48.84,0.0283
48.78,0.0295
48.74,0.0295
48.72,0.0644
48.69,0.0141
48.68,0.0059
48.65,0.0110
48.60,0.0565
48.58,0.0120
48.52,0.0283
48.51,0.0130
48.46,0.0098
48.44,0.0033
48.41,0.0110
48.40,0.0112
48.35,0.0104
48.30,0.0713
48.30,0.0040
48.26,0.0324
48.24,0.0135
48.22,0.0067
48.19,0.0221
48.18,0.0023
48.13,0.0043
48.08,0.0363
48.07,0.0180
48.03,0.0666
47.99,0.0163
47.94,0.0093
47.92,0.0071
47.90,0.0346
47.83,0.0313
47.81,0.0272
47.78,0.0050
47.73,0.0126
47.70,0.0447
47.66,0.0215
47.63,0.0557
47.61,0.0085
47.54,0.0265
47.53,0.0094
47.48,0.0073
47.46,0.0195
47.44,0.0047
47.42,0.0564
47.36,0.0118
47.33,0.0021
47.30,0.0034
47.28,0.0079
47.26,0.0281
47.24,0.0044
47.22,0.0079
47.21,0.0061
47.16,0.0026
47.15,0.0052
47.11,0.0105
47.10,0.0140
47.05,0.0131
47.03,0.0316
46.99,0.0024
46.97,0.0074
46.96,0.0151
46.93,0.0069
46.88,0.0250
46.86,0.0078
46.85,0.0058
46.81,0.1153
46.79,0.0141
46.74,0.0037
46.72,0.0222
46.71,0.0019
46.67,0.0248
46.62,0.0190
46.60,0.0472
46.56,0.0031
46.53,0.0004
46.50,0.0154
46.47,0.0175
46.46,0.0113
46.45,0.0168
46.42,0.0038
46.39,0.0236
46.35,0.0041
46.29,0.0050
46.27,0.0215
46.24,0.0043
46.22,0.0039
46.19,0.0031
46.14,0.0079
46.12,0.0057
46.10,0.0098
46.06,0.0063
46.03,0.0366
45.97,0.0188
45.95,0.0117
45.93,0.0043
45.89,0.0144
45.86,0.0021
45.85,0.0125
45.81,0.0206
45.78,0.0024
45.76,0.0203
45.75,0.0011
45.73,0.0112
45.71,0.0228
45.68,0.0193
45.67,0.0087
45.61,0.0256
45.60,0.0047
45.58,0.0106
45.56,0.0113
45.50,0.0100
45.48,0.0040
45.47,0.0128
45.45,0.0167
45.41,0.0003
45.37,0.0027
45.34,0.0226
45.33,0.0222
45.29,0.0131
45.27,0.0143
45.25,0.0053
45.23,0.0079
45.21,0.0014
45.15,0.0188
45.14,0.0080
45.12,0.0015
45.07,0.0192
45.04,0.0062
45.02,0.0198
45.00,0.0063
44.98,0.0029
44.92,0.0112
44.92,0.0006
44.91,0.0087
44.89,0.0078
44.88,0.0423
44.86,0.0065
44.83,0.0033
44.82,0.0124
44.79,0.0221
44.78,0.0081
44.75,0.0231
44.72,0.0088
44.69,0.0097
44.68,0.0080
44.63,0.0061
44.62,0.0052
44.60,0.0035
44.58,0.0044
44.56,0.0470
44.48,0.0020
44.45,0.0076
44.42,0.0124
44.41,0.0057
44.38,0.0122
44.35,0.0219
44.33,0.0036
44.29,0.0174
44.26,0.0120
44.22,0.0268
44.21,0.0073
44.20,0.0062
44.14,0.0369
44.14,0.0335
44.09,0.0168
44.07,0.0151
44.07,0.0126
44.05,0.0029
44.01,0.0088
43.98,0.0088
43.95,0.0278
43.94,0.0015
43.92,0.0059
43.90,0.0084
43.89,0.0036
43.86,0.0245
43.82,0.0260
43.81,0.0210
43.80,0.0143
43.76,0.0140
43.72,0.0339
43.70,0.0090
43.66,0.0047
43.63,0.0204
43.58,0.0044
43.54,0.0269
43.51,0.0120
43.50,0.0116
43.47,0.0116
43.45,0.0032
43.43,0.0101
43.42,0.0089
43.39,0.0103
43.37,0.0094
43.34,0.0058
43.33,0.0052
43.30,0.0061
43.27,0.0026
43.26,0.0088
43.25,0.0337
43.21,0.0122
43.17,0.0102
43.15,0.0053
43.13,0.0050
43.10,0.0004
43.03,0.0101
43.01,0.0053
43.00,0.0062
42.99,0.0044
42.95,0.0113
42.92,0.0159
42.91,0.0121
42.87,0.0003
42.85,0.0069
42.81,0.0056
42.76,0.0053
42.74,0.0305
42.72,0.0116
42.71,0.0014
42.70,0.0156
42.68,0.0190
42.65,0.0121
42.63,0.0080
42.60,0.0037
42.59,0.0050
42.57,0.0043
42.54,0.0014
42.51,0.0086
42.50,0.0163
42.48,0.0086
42.46,0.0045
42.43,0.0111
42.42,0.0202
42.39,0.0090
42.37,0.0025
42.33,0.0102
42.32,0.0090
42.30,0.0132
42.28,0.0147
42.25,0.0119
42.23,0.0127
42.21,0.0143
42.19,0.0068
42.17,0.0215
42.16,0.0017
42.15,0.0142
42.14,0.0098
42.09,0.0009
42.07,0.0036
42.05,0.0370
42.02,0.0097
41.99,0.0011
41.96,0.0167
41.93,0.0043
41.88,0.0072
41.87,0.0032
41.84,0.0021
41.82,0.0093
41.79,0.0106
41.78,0.0071
41.75,0.0093
41.73,0.0076
41.70,0.0141
41.67,0.0185
41.65,0.0096
41.63,0.0077
41.60,0.0207
41.59,0.0365
41.56,0.0048
41.55,0.0015
41.53,0.0128
41.51,0.0108
41.50,0.0164
41.48,0.0112
41.46,0.0034
41.43,0.0170
41.42,0.0050
41.40,0.0119
41.39,0.0061
41.38,0.0015
41.32,0.0438
41.32,0.0032
41.30,0.0030
41.25,0.0078
41.23,0.0220
41.23,0.0168
41.20,0.0051
41.18,0.0110
41.17,0.0077
41.16,0.0327
41.12,0.0092
41.12,0.0166
41.08,0.0095
41.08,0.0147
41.04,0.0075
41.03,0.0013
40.99,0.0077
40.95,0.0015
40.94,0.0302
40.91,0.0167
40.90,0.0108
40.89,0.0075
40.86,0.0447
40.82,0.0024
40.80,0.0069
40.78,0.0073
40.76,0.0038
40.76,0.0057
40.73,0.0312
40.69,0.0084
40.67,0.0034
40.64,0.0296
40.61,0.0055
40.61,0.0330
40.58,0.0235
40.54,0.0076
40.52,0.0050
40.50,0.0086
40.47,0.0152
40.46,0.0019
40.45,0.0001
40.43,0.0004
40.41,0.0209
40.38,0.0050
40.37,0.0184
40.34,0.0120
40.33,0.0265
40.28,0.0033
40.27,0.0054
40.25,0.0031
40.23,0.0093
40.20,0.0061
40.19,0.0077
40.17,0.0268
40.15,0.0103
40.12,0.0133
40.09,0.0216
40.06,0.0244
40.05,0.0220
40.00,0.0091
39.99,0.0127
39.97,0.0137
39.96,0.0318
39.90,0.0032
39.88,0.0338
39.86,0.0227
39.85,0.0052
39.83,0.0102
39.81,0.0090
39.80,0.0263
39.77,0.0112
39.75,0.0154
39.74,0.0220
39.73,0.0265
39.69,0.0006
39.68,0.0130
39.64,0.0145
39.63,0.0283
39.61,0.0097
39.58,0.0260
39.55,0.0159
39.53,0.0267
39.52,0.0036
39.51,0.0120
39.49,0.0033
39.43,0.0473
39.41,0.0019
39.37,0.0336
39.32,0.0194
39.30,0.0228
39.29,0.0136
39.28,0.0119
39.26,0.0088
39.25,0.0064
39.21,0.0269
39.18,0.0087
39.15,0.0027
39.14,0.0164
39.13,0.0074
39.09,0.0244
39.06,0.0315
39.04,0.0157
39.03,0.0008
39.00,0.0239
38.96,0.0012
38.95,0.0032
38.94,0.0046
38.92,0.0401
38.90,0.0020
38.89,0.0502
38.85,0.0029
38.84,0.0121
38.81,0.0040
38.78,0.0271
38.78,0.0152
38.75,0.0142
38.73,0.0031
38.72,0.0060
38.69,0.0074
38.68,0.0014
38.65,0.0018
38.63,0.0215
38.61,0.0010
38.58,0.0348
38.57,0.0025
38.55,0.0081
38.52,0.0142
38.50,0.0145
38.48,0.0051
38.46,0.0159
38.45,0.0024
38.42,0.0144
38.37,0.0102
38.36,0.0092
38.35,0.0122
38.32,0.0104
38.31,0.0281
38.28,0.0081
38.26,0.0040
38.24,0.0207
38.23,0.0035
38.22,0.0025
38.18,0.0084
38.17,0.0098
38.16,0.0114
38.15,0.0008
38.08,0.0157
38.07,0.0107
38.06,0.0119
38.06,0.0081
38.03,0.0104
38.01,0.0005
38.00,0.0058
37.97,0.0088
37.95,0.0017
37.92,0.0291
37.89,0.0151
37.87,0.0362
37.85,0.0085
37.83,0.0027
37.81,0.0011
37.78,0.0127
37.77,0.0160
37.75,0.0050
37.72,0.0164
37.71,0.0041
37.70,0.0117
37.69,0.0056
37.67,0.0211
37.64,0.0068
37.64,0.0057
37.62,0.0249
37.61,0.0286
37.57,0.0230
37.55,0.0223
37.53,0.0275
37.48,0.0136
37.46,0.0057
37.45,0.0182
37.44,0.0175
37.42,0.0103
37.40,0.0202
37.38,0.0014
37.37,0.0062
37.36,0.0080
37.35,0.0062
37.33,0.0314
37.31,0.0093
37.28,0.0171
37.25,0.0605
37.21,0.0088
37.20,0.0551
37.19,0.0165
37.18,0.0300
37.15,0.0062
37.13,0.0041
37.10,0.0105
37.08,0.0259
37.05,0.0054
37.04,0.0176
37.02,0.0196
36.99,0.0066
36.97,0.0919
36.96,0.0322
36.93,0.0079
36.91,0.0610
36.90,0.0043
36.88,0.0034
36.87,0.0154
36.83,0.0067
36.81,0.0082
36.80,0.0085
36.79,0.0004
36.76,0.0039
36.73,0.0160
36.72,0.0038
36.70,0.0074
36.69,0.0047
36.66,0.0001
36.65,0.0025
36.62,0.0017
36.61,0.0042
36.59,0.0075
36.56,0.0042
36.54,0.0186
36.51,0.0018
36.49,0.0057
36.48,0.0072
36.45,0.0063
36.44,0.0186
36.43,0.0138
36.41,0.0088
36.39,0.0060
36.37,0.0166
36.36,0.0076
36.34,0.0019
36.32,0.0003
36.31,0.0127
36.28,0.0238
36.26,0.0026
36.22,0.0132
36.20,0.0056
36.15,0.0217
36.14,0.0183
36.13,0.0213
36.10,0.0299
36.08,0.0046
36.06,0.0049
36.05,0.0042
36.04,0.0159
36.02,0.0004
36.01,0.0073
35.99,0.0018
35.97,0.0106
35.95,0.0106
35.94,0.0028
35.91,0.0071
35.89,0.0218
35.88,0.0059
35.85,0.0039
35.85,0.0056
35.82,0.0044
35.82,0.0068
35.80,0.0002
35.78,0.0167
35.76,0.0025
35.75,0.0012
35.72,0.0103
35.70,0.0084
35.69,0.0076
35.68,0.0066
35.65,0.0064
35.64,0.0017
35.63,0.0133
35.62,0.0020
35.60,0.0283
35.56,0.0062
35.54,0.0440
35.53,0.0070
35.51,0.0119
35.49,0.0089
35.46,0.0039
35.46,0.0010
35.43,0.0034
35.42,0.0112
35.39,0.0072
35.37,0.0150
35.36,0.0084
35.32,0.0073
35.29,0.0045
35.28,0.0206
35.28,0.0148
35.25,0.0127
35.21,0.0050
35.21,0.0015
35.18,0.0062
35.16,0.0007
35.15,0.0297
35.13,0.0027
35.11,0.0046
35.10,0.0176
35.08,0.0108
35.06,0.0075
35.03,0.0041
35.01,0.0067
34.98,0.0112
34.98,0.0011
34.95,0.0101
34.93,0.0058
34.91,0.0078
34.89,0.0025
34.87,0.0028
34.86,0.0051
34.84,0.0075
34.82,0.0025
34.79,0.0057
34.78,0.0045
34.76,0.0077
34.72,0.0099
34.71,0.0040
34.70,0.0010
34.66,0.0082
34.62,0.0042
34.62,0.0003
34.60,0.0061
34.57,0.0053
34.56,0.0006
34.55,0.0123
34.52,0.0015
34.51,0.0013
34.49,0.0060
34.47,0.0104
34.47,0.0010
34.43,0.0158
34.43,0.0119
34.41,0.0170
34.38,0.0164
34.37,0.0042
34.34,0.0053
34.33,0.0080
34.30,0.0082
34.28,0.0096
34.25,0.0076
34.23,0.0018
34.23,0.0070
34.21,0.0041
34.18,0.0063
34.18,0.0119
34.17,0.0007
34.14,0.0041
34.13,0.0142
34.11,0.0205
34.08,0.0127
34.06,0.0027
34.04,0.0096
34.02,0.0095
33.99,0.0044
33.98,0.0057
33.94,0.0016
33.93,0.0156
33.92,0.0051
33.91,0.0243
33.89,0.0044
33.87,0.0068
33.85,0.0069
33.83,0.0088
33.82,0.0066
33.81,0.0063
33.80,0.0150
33.76,0.0045
33.75,0.0017
33.70,0.0041
33.69,0.0088
33.66,0.0139
33.63,0.0120
33.59,0.0165
33.55,0.0010
33.52,0.0290
33.51,0.0088
33.48,0.0038
33.47,0.0130
33.45,0.0082
33.43,0.0023
33.43,0.0092
33.40,0.0116
33.38,0.0021
33.35,0.0178
33.34,0.0288
33.33,0.0021
33.31,0.0088
33.30,0.0044
33.29,0.0208
33.27,0.0022
33.26,0.0108
33.25,0.0012
33.24,0.0061
33.22,0.0032
33.21,0.0065
33.18,0.0089
33.15,0.0034
33.14,0.0072
33.13,0.0106
33.10,0.0115
33.10,0.0066
33.08,0.0079
33.07,0.0200
33.05,0.0195
33.04,0.0067
33.02,0.0182
32.99,0.0054
32.98,0.0070
32.94,0.0001
32.93,0.0052
32.90,0.0077
32.89,0.0077
32.85,0.0061
32.82,0.0083
32.81,0.0103
32.79,0.0115
32.75,0.0065
32.74,0.0029
32.70,0.0006
32.69,0.0010
32.69,0.0069
32.67,0.0008
32.65,0.0053
32.64,0.0030
32.64,0.0014
32.61,0.0003
32.58,0.0015
32.57,0.0062
32.52,0.0101
32.50,0.0016
32.49,0.0015
32.48,0.0029
32.46,0.0013
32.41,0.0026
32.40,0.0041
32.39,0.0028
32.36,0.0032
32.35,0.0004
32.34,0.0143
32.30,0.0056
32.29,0.0008
32.29,0.0081
32.28,0.0063
32.26,0.0044
32.24,0.0154
32.23,0.0053
32.21,0.0020
32.21,0.0112
32.19,0.0133
32.17,0.0075
32.15,0.0030
32.12,0.0060
32.11,0.0055
32.09,0.0069
32.08,0.0098
32.07,0.0005
32.03,0.0014
32.03,0.0067
32.02,0.0025
31.98,0.0006
31.96,0.0024
31.96,0.0062
31.94,0.0025
31.92,0.0013
31.88,0.0010
31.86,0.0013
31.85,0.0030
31.80,0.0031
31.79,0.0049
31.79,0.0014
31.78,0.0015
31.78,0.0024
31.76,0.0057
31.75,0.0038
31.74,0.0061
31.71,0.0150
31.68,0.0071
31.67,0.0162
31.65,0.0043
31.62,0.0005
31.61,0.0001
31.60,0.0103
31.57,0.0029
31.55,0.0004
31.52,0.0058
31.47,0.0202
31.45,0.0059
31.41,0.0013
31.37,0.0049
31.36,0.0078
31.35,0.0095
31.33,0.0035
31.31,0.0086
31.30,0.0016
31.29,0.0089
31.26,0.0034
31.25,0.0049
31.25,0.0032
31.23,0.0088
31.21,0.0009
31.17,0.0026
31.15,0.0002
31.14,0.0018
31.11,0.0048
31.10,0.0054
31.07,0.0024
31.05,0.0030
31.04,0.0012
31.03,0.0034
31.03,0.0038
31.00,0.0155
30.99,0.0074
30.99,0.0031
30.93,0.0163
30.89,0.0033
30.88,0.0060
30.86,0.0025
30.82,0.0088
30.78,0.0013
30.76,0.0225
30.75,0.0066
30.73,0.0080
30.71,0.0104
30.70,0.0014
30.69,0.0365
30.67,0.0023
30.67,0.0041
30.65,0.0031
30.64,0.0041
30.63,0.0043
30.61,0.0088
30.59,0.0092
30.57,0.0026
30.56,0.0118
30.54,0.0046
30.52,0.0050
30.52,0.0040
30.49,0.0141
30.46,0.0026
30.44,0.0115
30.43,0.0017
30.40,0.0017
30.38,0.0028
30.38,0.0129
30.34,0.0051
30.31,0.0141
30.30,0.0019
30.29,0.0107
30.27,0.0036
30.25,0.0090
30.23,0.0103
30.21,0.0016
30.20,0.0043
30.19,0.0012
30.17,0.0071
30.16,0.0045
30.15,0.0024
30.14,0.0009
30.13,0.0015
30.12,0.0038
30.10,0.0047
30.04,0.0058
30.03,0.0011
30.03,0.0023
30.01,0.0073
30.00,0.0026
29.96,0.0013
29.95,0.0052
29.95,0.0076
29.90,0.0006
29.89,0.0019
29.88,0.0009
29.83,0.0046
29.82,0.0066
29.81,0.0022
29.80,0.0012
29.78,0.0042
29.76,0.0039
29.75,0.0004
29.73,0.0001
29.72,0.0104
29.70,0.0035
29.68,0.0047
29.66,0.0015
29.66,0.0015
29.62,0.0131
29.61,0.0050
29.60,0.0032
29.58,0.0017
29.57,0.0025
29.55,0.0019
29.52,0.0115
29.49,0.0017
29.46,0.0064
29.45,0.0055
29.43,0.0016
29.40,0.0020
29.38,0.0006
29.37,0.0022
29.36,0.0006
29.36,0.0117
29.33,0.0056
29.31,0.0023
29.30,0.0081
29.29,0.0044
29.29,0.0047
29.26,0.0075
29.24,0.0072
29.23,0.0022
29.18,0.0069
29.18,0.0025
29.16,0.0038
29.15,0.0059
29.14,0.0003
29.12,0.0008
29.11,0.0040
29.08,0.0040
29.07,0.0041
29.05,0.0007
29.04,0.0013
29.01,0.0005
29.01,0.0041
28.99,0.0100
28.96,0.0045
28.94,0.0008
28.92,0.0092
28.88,0.0027
28.86,0.0038
28.83,0.0030
28.82,0.0038
28.82,0.0018
28.78,0.0004
28.77,0.0014
28.75,0.0026
28.74,0.0001
28.73,0.0082
28.71,0.0040
28.70,0.0003
28.69,0.0142
28.67,0.0066
28.66,0.0019
28.65,0.0055
28.63,0.0040
28.59,0.0079
28.59,0.0154
28.56,0.0090
28.54,0.0018
28.52,0.0015
28.49,0.0013
28.48,0.0017
28.45,0.0022
28.44,0.0029
28.42,0.0008
28.41,0.0005
28.40,0.0032
28.37,0.0043
28.36,0.0033
28.33,0.0015
28.32,0.0045
28.29,0.0038
28.28,0.0041
28.27,0.0066
28.25,0.0010
28.25,0.0005
28.23,0.0013
28.22,0.0030
28.21,0.0076
28.19,0.0014
28.17,0.0048
28.15,0.0022
28.11,0.0012
28.11,0.0018
28.10,0.0046
28.08,0.0014
28.07,0.0057
28.05,0.0030
28.02,0.0006
28.01,0.0047
28.00,0.0029
27.98,0.0008
27.96,0.0061
27.94,0.0008
27.86,0.0004
27.86,0.0011
27.84,0.0009
27.83,0.0003
27.77,0.0017
27.74,0.0001
27.74,0.0009
27.72,0.0037
27.69,0.0020
27.68,0.0022
27.67,0.0033
27.66,0.0007
27.65,0.0019
27.63,0.0056
27.62,0.0062
27.61,0.0021
27.60,0.0020
27.59,0.0002
27.56,0.0027
27.55,0.0038
27.54,0.0035
27.53,0.0012
27.51,0.0023
27.50,0.0112
27.44,0.0244
27.43,0.0025
27.41,0.0029
27.40,0.0075
27.37,0.0022
27.36,0.0056
27.34,0.0033
27.32,0.0006
27.29,0.0053
27.28,0.0086
27.27,0.0016
27.23,0.0008
27.22,0.0078
27.20,0.0073
27.19,0.0045
27.18,0.0019
27.18,0.0058
27.17,0.0028
27.15,0.0023
27.14,0.0016
27.12,0.0025
27.12,0.0029
27.08,0.0017
27.08,0.0014
27.05,0.0038
27.03,0.0049
27.00,0.0077
26.99,0.0008
26.98,0.0003
26.97,0.0022
26.95,0.0061
26.94,0.0053
26.93,0.0010
26.90,0.0001
26.89,0.0013
26.88,0.0046
26.87,0.0025
26.85,0.0001
26.84,0.0104
26.82,0.0019
26.81,0.0017
26.79,0.0075
26.78,0.0035
26.78,0.0234
26.74,0.0010
26.71,0.0056
26.69,0.0030
26.66,0.0016
26.65,0.0128
26.63,0.0025
26.63,0.0024
26.61,0.0021
26.60,0.0049
26.54,0.0028
26.53,0.0052
26.52,0.0046
26.49,0.0008
26.48,0.0092
26.45,0.0167
26.45,0.0039
26.43,0.0004
26.43,0.0026
26.40,0.0043
26.37,0.0121
26.35,0.0096
26.32,0.0049
26.32,0.0020
26.31,0.0007
26.29,0.0076
26.25,0.0070
26.23,0.0019
26.20,0.0018
26.19,0.0013
26.15,0.0069
26.14,0.0030
26.13,0.0028
26.12,0.0020
26.11,0.0052
26.10,0.0060
26.08,0.0010
26.08,0.0278
26.05,0.0045
26.03,0.0023
26.01,0.0048
25.99,0.0092
25.98,0.0018
25.96,0.0049
25.95,0.0058
25.92,0.0093
25.90,0.0021
25.90,0.0099
25.88,0.0057
25.87,0.0037
25.85,0.0060
25.83,0.0012
25.82,0.0067
25.74,0.0063
25.73,0.0031
25.72,0.0083
25.71,0.0076
25.68,0.0119
25.64,0.0013
25.63,0.0025
25.60,0.0028
25.58,0.0008
25.57,0.0001
25.56,0.0023
25.55,0.0003
25.52,0.0006
25.52,0.0032
25.50,0.0010
25.48,0.0006
25.48,0.0029
25.46,0.0145
25.44,0.0097
25.41,0.0005
25.41,0.0041
25.39,0.0087
25.38,0.0049
25.37,0.0017
25.35,0.0004
25.34,0.0007
25.33,0.0012
25.29,0.0059
25.28,0.0075
25.26,0.0051
25.22,0.0005
25.20,0.0168
25.18,0.0039
25.16,0.0001
25.15,0.0035
25.10,0.0011
25.09,0.0029
25.07,0.0150
25.05,0.0035
25.03,0.0042
25.03,0.0057
25.02,0.0120
24.99,0.0030
24.97,0.0005
24.96,0.0007
24.95,0.0003
24.94,0.0179
24.91,0.0013
24.90,0.0186
24.87,0.0020
24.85,0.0012
24.82,0.0148
24.80,0.0060
24.79,0.0023
24.79,0.0039
24.78,0.0051
24.75,0.0107
24.74,0.0198
24.72,0.0123
24.69,0.0147
24.68,0.0090
24.67,0.0054
24.65,0.0058
24.63,0.0042
24.58,0.0031
24.58,0.0021
24.57,0.0005
24.55,0.0036
24.54,0.0027
24.51,0.0089
24.50,0.0066
24.47,0.0045
24.45,0.0218
24.44,0.0142
24.44,0.0078
24.41,0.0017
24.39,0.0025
24.38,0.0050
24.38,0.0034
24.34,0.0015
24.33,0.0124
24.31,0.0043
24.30,0.0022
24.29,0.0042
24.28,0.0029
24.26,0.0086
24.25,0.0105
24.24,0.0227
24.23,0.0330
24.21,0.0376
24.19,0.0131
24.18,0.0002
24.17,0.0090
24.15,0.0087
24.14,0.0036
24.10,0.0063
24.09,0.0037
24.07,0.0238
24.06,0.0033
24.03,0.0018
24.01,0.0002
24.01,0.0015
23.95,0.0045
23.95,0.0058
23.94,0.0069
23.93,0.0074
23.92,0.0035
23.87,0.0351
23.86,0.0021
23.84,0.0245
23.81,0.0007
23.79,0.0127
23.78,0.0006
23.77,0.0002
23.75,0.0176
23.71,0.0063
23.67,0.0026
23.67,0.0076
23.66,0.0009
23.64,0.0071
23.63,0.0080
23.62,0.0087
23.60,0.0189
23.59,0.0027
23.57,0.0060
23.56,0.0054
23.54,0.0007
23.53,0.0022
23.52,0.0012
23.50,0.0089
23.49,0.0029
23.48,0.0023
23.46,0.0002
23.45,0.0117
23.42,0.0088
23.42,0.0157
23.40,0.0112
23.39,0.0099
23.38,0.0025
23.36,0.0561
23.35,0.0064
23.33,0.0095
23.31,0.0014
23.29,0.0001
23.27,0.0197
23.26,0.0011
23.25,0.0355
23.24,0.0090
23.20,0.0012
23.17,0.0053
23.14,0.0027
23.13,0.0193
23.12,0.0001
23.11,0.0109
23.10,0.0077
23.08,0.0019
23.07,0.0013
23.06,0.0021
23.03,0.0039
23.02,0.0180
23.00,0.0026
22.98,0.0447
22.96,0.0124
22.95,0.0102
22.95,0.0041
22.93,0.0011
22.92,0.0026
22.91,0.0013
22.89,0.0092
22.86,0.0006
22.85,0.0094
22.83,0.0028
22.83,0.0038
22.82,0.0152
22.78,0.0028
22.78,0.0087
22.76,0.0046
22.75,0.0137
22.73,0.0097
22.68,0.0008
22.66,0.0006
22.65,0.0120
22.64,0.0223
22.62,0.0075
22.62,0.0138
22.62,0.0113
22.61,0.0105
22.59,0.0213
22.58,0.0028
22.55,0.0233
22.53,0.0033
22.50,0.0092
22.49,0.0119
22.48,0.0010
22.46,0.0046
22.46,0.0037
22.44,0.0008
22.42,0.0046
22.42,0.0028
22.41,0.0070
22.40,0.0047
22.37,0.0045
22.36,0.0030
22.35,0.0032
22.35,0.0018
22.32,0.0079
22.31,0.0010
22.29,0.0013
22.28,0.0011
22.27,0.0041
22.25,0.0095
22.24,0.0019
22.22,0.0065
22.21,0.0044
22.19,0.0046
22.17,0.0211
22.17,0.0061
22.15,0.0014
22.14,0.0012
22.11,0.0102
22.09,0.0363
22.08,0.0035
22.07,0.0061
22.05,0.0080
22.03,0.0101
22.03,0.0029
22.02,0.0009
22.01,0.0049
21.99,0.0035
21.99,0.0039
21.97,0.0027
21.95,0.0027
21.93,0.0114
21.91,0.0033
21.91,0.0019
21.87,0.0077
21.86,0.0063
21.84,0.0280
21.82,0.0072
21.80,0.0062
21.77,0.0176
21.76,0.0153
21.72,0.0160
21.71,0.0059
21.69,0.0056
21.68,0.0010
21.68,0.0059
21.67,0.0276
21.66,0.0097
21.64,0.0208
21.64,0.0043
21.60,0.0260
21.59,0.0021
21.58,0.0047
21.57,0.0012
21.56,0.0047
21.56,0.0389
21.54,0.0043
21.54,0.0012
21.53,0.0020
21.51,0.0019
21.49,0.0049
21.49,0.0073
21.46,0.0102
21.46,0.0007
21.45,0.0067
21.44,0.0074
21.43,0.0055
21.41,0.0015
21.40,0.0398
21.39,0.0140
21.37,0.0166
21.35,0.0087
21.35,0.0108
21.33,0.0202
21.31,0.0012
21.30,0.0208
21.30,0.0061
21.28,0.0083
21.27,0.0033
21.26,0.0070
21.23,0.0209
21.22,0.0035
21.22,0.0160
21.20,0.0089
21.19,0.0020
21.19,0.0018
21.17,0.0165
21.17,0.0080
21.15,0.0052
21.14,0.0035
21.13,0.0094
21.11,0.0024
21.10,0.0161
21.09,0.0067
21.08,0.0018
21.07,0.0072
21.06,0.0127
21.04,0.0026
21.03,0.0040
21.02,0.0078
21.00,0.0125
20.99,0.0040
20.97,0.0046
20.95,0.0184
20.94,0.0010
20.93,0.0069
20.93,0.0080
20.91,0.0120
20.90,0.0209
20.89,0.0217
20.88,0.0160
20.86,0.0105
20.84,0.0144
20.84,0.0019
20.84,0.0047
20.82,0.0048
20.81,0.0057
20.80,0.0037
20.79,0.0113
20.79,0.0009
20.78,0.0001
20.75,0.0065
20.74,0.0353
20.74,0.0070
20.71,0.0061
20.71,0.0066
20.69,0.0314
20.67,0.0123
20.66,0.0079
20.65,0.0058
20.64,0.0128
20.62,0.0146
20.62,0.0126
20.61,0.0193
20.60,0.0166
20.59,0.0048
20.58,0.0356
20.56,0.0061
20.56,0.0477
20.56,0.0059
20.54,0.0069
20.53,0.0314
20.52,0.0043
20.51,0.0626
20.50,0.0035
20.49,0.0006
20.48,0.0030
20.47,0.0023
20.46,0.0156
20.45,0.0019
20.43,0.0046
20.43,0.0033
20.42,0.0063
20.41,0.0025
20.41,0.0114
20.39,0.0036
20.39,0.0076
20.38,0.0009
20.38,0.0034
20.36,0.0246
20.34,0.0126
20.32,0.0085
20.30,0.0120
20.28,0.0070
20.27,0.0013
20.26,0.0076
20.25,0.0088
20.24,0.0086
20.23,0.0063
20.23,0.0093
20.22,0.0007
20.21,0.0070
20.20,0.0048
20.19,0.0092
20.19,0.0168
20.18,0.0154
20.17,0.0291
20.14,0.0301
20.13,0.0054
20.12,0.0093
20.12,0.0186
20.11,0.0205
20.10,0.0029
20.09,0.0023
20.08,0.0205
20.07,0.0040
20.05,0.0271
20.03,0.0212
20.03,0.0273
20.02,0.0042
20.01,0.0079
19.99,0.0142
19.99,0.0057
19.97,0.0011
19.96,0.0153
19.95,0.0071
19.95,0.0040
19.94,0.0022
19.93,0.0087
19.92,0.0044
19.91,0.0015
19.90,0.0020
19.89,0.0035
19.88,0.0058
19.87,0.0015
19.87,0.0108
19.85,0.0043
19.83,0.0036
19.82,0.0142
19.82,0.0131
19.81,0.0217
19.79,0.0082
19.78,0.0081
19.77,0.0021
19.76,0.0039
19.75,0.0043
19.75,0.0151
19.74,0.0007
19.74,0.0034
19.72,0.0110
19.72,0.0059
19.71,0.0074
19.71,0.0042
19.68,0.0020
19.68,0.0022
19.68,0.0014
19.67,0.0030
19.65,0.0090
19.64,0.0011
19.62,0.0110
19.62,0.0065
19.61,0.0109
19.59,0.0024
19.59,0.0011
19.58,0.0025
19.57,0.0019
19.56,0.0008
19.55,0.0064
19.55,0.0195
19.53,0.0054
19.52,0.0036
19.50,0.0060
19.48,0.0051
19.46,0.0010
19.45,0.0049
19.44,0.0072
19.43,0.0032
19.42,0.0144
19.41,0.0005
19.40,0.0045
19.38,0.0257
19.38,0.0111
19.37,0.0009
19.36,0.0135
19.35,0.0077
19.34,0.0070
19.33,0.0054
19.33,0.0089
19.32,0.0027
19.31,0.0109
19.30,0.0081
19.30,0.0055
19.29,0.0065
19.28,0.0068
19.28,0.0032
19.27,0.0026
19.26,0.0084
19.24,0.0043
19.24,0.0031
19.24,0.0033
19.23,0.0065
19.23,0.0045
19.22,0.0223
19.20,0.0100
19.20,0.0027
19.19,0.0003
19.18,0.0109
19.18,0.0115
19.17,0.0030
19.16,0.0064
19.14,0.0016
19.14,0.0024
19.13,0.0015
19.13,0.0087
19.11,0.0006
19.10,0.0088
19.10,0.0016
19.09,0.0025
19.09,0.0190
19.06,0.0002
19.05,0.0042
19.04,0.0078
19.03,0.0011
19.03,0.0062
19.01,0.0027
18.99,0.0013
18.99,0.0062
18.99,0.0106
18.97,0.0015
18.96,0.0009
18.95,0.0070
18.94,0.0075
18.93,0.0020
18.93,0.0163
18.91,0.0121
18.89,0.0288
18.89,0.0042
18.87,0.0043
18.86,0.0110
18.86,0.0078
18.84,0.0033
18.84,0.0061
18.82,0.0021
18.82,0.0017
18.81,0.0064
18.80,0.0012
18.78,0.0154
18.78,0.0039
18.78,0.0032
18.77,0.0011
18.76,0.0028
18.76,0.0035
18.75,0.0005
18.74,0.0071
18.73,0.0051
18.73,0.0055
18.71,0.0126
18.70,0.0064
18.69,0.0038
18.68,0.0048
18.66,0.0074
18.66,0.0002
18.65,0.0011
18.65,0.0059
18.64,0.0065
18.63,0.0128
18.62,0.0022
18.60,0.0094
18.60,0.0206
18.59,0.0023
18.59,0.0181
18.57,0.0024
18.56,0.0012
18.56,0.0052
18.53,0.0110
18.53,0.0015
18.53,0.0016
18.51,0.0179
18.51,0.0004
18.49,0.0015
18.49,0.0075
18.47,0.0031
18.47,0.0034
18.45,0.0076
18.44,0.0050
18.43,0.0033
18.42,0.0100
18.42,0.0068
18.41,0.0020
18.40,0.0025
18.39,0.0022
18.39,0.0044
18.38,0.0036
18.38,0.0082
18.36,0.0098
18.35,0.0119
18.34,0.0035
18.33,0.0082
18.32,0.0091
18.32,0.0055
18.31,0.0041
18.31,0.0048
18.30,0.0106
18.28,0.0101
18.28,0.0029
18.27,0.0044
18.26,0.0010
18.25,0.0154
18.24,0.0046
18.24,0.0094
18.23,0.0055
18.23,0.0012
18.20,0.0034
18.19,0.0041
18.18,0.0100
18.18,0.0106
18.17,0.0210
18.16,0.0030
18.15,0.0010
18.14,0.0040
18.13,0.0060
18.13,0.0075
18.11,0.0052
18.10,0.0039
18.09,0.0049
18.08,0.0043
18.08,0.0083
18.07,0.0054
18.07,0.0041
18.05,0.0022
18.04,0.0065
18.04,0.0032
18.03,0.0203
18.02,0.0139
18.01,0.0066
18.00,0.0038
18.00,0.0013
17.97,0.0022
17.97,0.0048
17.96,0.0146
17.96,0.0073
17.95,0.0020
17.94,0.0118
17.93,0.0017
17.92,0.0022
17.91,0.0060
17.91,0.0114
17.90,0.0011
17.89,0.0012
17.88,0.0053
17.87,0.0053
17.87,0.0042
17.85,0.0002
17.85,0.0087
17.84,0.0079
17.84,0.0017
17.83,0.0027
17.82,0.0021
17.81,0.0034
17.80,0.0112
17.80,0.0141
17.79,0.0190
17.78,0.0070
17.77,0.0062
17.77,0.0034
17.76,0.0114
17.74,0.0064
17.74,0.0060
17.73,0.0079
17.72,0.0100
17.71,0.0007
17.70,0.0153
17.69,0.0053
17.69,0.0008
17.67,0.0005
17.67,0.0047
17.66,0.0045
17.65,0.0027
17.65,0.0126
17.64,0.0010
17.63,0.0017
17.62,0.0053
17.61,0.0013
17.60,0.0065
17.59,0.0062
17.59,0.0053
17.58,0.0035
17.57,0.0073
17.56,0.0024
17.56,0.0063
17.55,0.0078
17.55,0.0145
17.54,0.0061
17.53,0.0053
17.51,0.0045
17.51,0.0046
17.50,0.0046
17.49,0.0089
17.48,0.0229
17.47,0.0076
17.47,0.0010
17.46,0.0076
17.45,0.0078
17.45,0.0015
17.44,0.0029
17.43,0.0035
17.42,0.0158
17.41,0.0044
17.41,0.0096
17.40,0.0019
17.39,0.0060
17.38,0.0137
17.37,0.0092
17.36,0.0071
17.35,0.0146
17.34,0.0005
17.34,0.0028
17.33,0.0122
17.33,0.0031
17.32,0.0129
17.31,0.0058
17.30,0.0034
17.28,0.0002
17.26,0.0108
17.25,0.0168
17.25,0.0075
17.24,0.0099
17.23,0.0006
17.22,0.0621
17.22,0.0029
17.21,0.0071
17.20,0.0031
17.19,0.0035
17.18,0.0010
17.18,0.0039
17.17,0.0020
17.16,0.0180
17.16,0.0055
17.14,0.0064
17.14,0.0296
17.13,0.0138
17.12,0.0695
17.11,0.0041
17.10,0.0057
17.10,0.0036
17.09,0.0014
17.08,0.0084
17.07,0.0091
17.06,0.0073
17.06,0.0042
17.05,0.0125
17.04,0.0024
17.04,0.0088
17.02,0.0112
17.00,0.0088
17.00,0.0005
16.99,0.0296
16.98,0.0029
16.96,0.0017
16.96,0.0018
16.95,0.0210
16.95,0.0023
16.94,0.0020
16.93,0.0006
16.92,0.0076
16.91,0.0124
16.90,0.0186
16.90,0.0046
16.89,0.0020
16.88,0.0025
16.88,0.0109
16.86,0.0019
16.85,0.0021
16.85,0.0053
16.84,0.0029
16.83,0.0027
16.81,0.0012
16.81,0.0020
16.80,0.0028
16.79,0.0080
16.78,0.0096
16.78,0.0040
16.77,0.0110
16.76,0.0189
16.75,0.0014
16.74,0.0066
16.74,0.0026
16.73,0.0022
16.71,0.0043
16.71,0.0081
16.70,0.0011
16.69,0.0052
16.68,0.0075
16.68,0.0030
16.65,0.0042
16.64,0.0030
16.63,0.0032
16.63,0.0031
16.63,0.0048
16.62,0.0019
16.61,0.0018
16.61,0.0205
16.60,0.0105
16.59,0.0023
16.58,0.0091
16.58,0.0040
16.57,0.0059
16.55,0.0053
16.54,0.0171
16.53,0.0011
16.53,0.0027
16.52,0.0022
16.52,0.0035
16.51,0.0028
16.50,0.0054
16.49,0.0067
16.48,0.0013
16.48,0.0091
16.47,0.0021
16.45,0.0035
16.44,0.0007
16.44,0.0030
16.43,0.0004
16.43,0.0080
16.42,0.0287
16.41,0.0098
16.40,0.0041
16.40,0.0005
16.39,0.0246
16.38,0.0292
16.37,0.0002
16.36,0.0017
16.35,0.0058
16.34,0.0440
16.34,0.0230
16.33,0.0106
16.33,0.0017
16.31,0.0031
16.31,0.0132
16.30,0.0095
16.29,0.0156
16.28,0.0088
16.28,0.0073
16.25,0.0102
16.25,0.0037
16.24,0.0089
16.24,0.0019
16.24,0.0031
16.23,0.0034
16.22,0.0182
16.21,0.0024
16.20,0.0013
16.19,0.0347
16.17,0.0014
16.17,0.0033
16.16,0.0017
16.14,0.0031
16.13,0.0055
16.13,0.0096
16.11,0.0011
16.10,0.0143
16.10,0.0068
16.09,0.0049
16.08,0.0095
16.08,0.0055
16.07,0.0050
16.06,0.0015
16.04,0.0001
16.04,0.0108
16.03,0.0028
16.02,0.0175
16.01,0.0060
16.01,0.0069
16.00,0.0239
15.99,0.0004
15.99,0.0008
15.97,0.0144
15.95,0.0084
15.95,0.0106
15.94,0.0042
15.92,0.0100
15.91,0.0038
15.90,0.0047
15.90,0.0009
15.89,0.0044
15.88,0.0035
15.88,0.0106
15.88,0.0054
15.86,0.0224
15.86,0.0204
15.85,0.0012
15.84,0.0073
15.84,0.0102
15.83,0.0013
15.83,0.0158
15.82,0.0058
15.80,0.0044
15.79,0.0100
15.78,0.0012
15.78,0.0020
15.78,0.0018
15.77,0.0058
15.76,0.0065
15.75,0.0116
15.75,0.0006
15.74,0.0036
15.73,0.0067
15.73,0.0177
15.71,0.0078
15.70,0.0049
15.68,0.0105
15.68,0.0033
15.67,0.0012
15.65,0.0012
15.64,0.0029
15.63,0.0079
15.62,0.0027
15.61,0.0014
15.61,0.0004
15.61,0.0019
15.60,0.0091
15.59,0.0278
15.58,0.0017
15.57,0.0036
15.57,0.0076
15.56,0.0006
15.55,0.0094
15.54,0.0004
15.54,0.0554
15.53,0.0099
15.53,0.0038
15.52,0.0008
15.51,0.0001
15.51,0.0013
15.50,0.0089
15.49,0.0035
15.47,0.0043
15.47,0.0017
15.46,0.0121
15.45,0.0102
15.45,0.0055
15.44,0.0129
15.44,0.0094
15.43,0.0033
15.42,0.0036
15.40,0.0016
15.40,0.0028
15.39,0.0061
15.38,0.0010
15.36,0.0020
15.35,0.0179
15.33,0.0016
15.33,0.0005
15.32,0.0061
15.31,0.0129
15.31,0.0011
15.30,0.0004
15.29,0.0038
15.29,0.0090
15.27,0.0356
15.26,0.0068
15.25,0.0124
15.25,0.0109
15.25,0.0053
15.23,0.0037
15.22,0.0044
15.22,0.0041
15.21,0.0064
15.19,0.0006
15.19,0.0020
15.18,0.0129
15.17,0.0066
15.16,0.0014
15.15,0.0065
15.14,0.0360
15.13,0.0086
15.11,0.0021
15.10,0.0068
15.09,0.0085
15.09,0.0017
15.07,0.0045
15.06,0.0003
15.05,0.0041
15.03,0.0048
15.02,0.0067
15.01,0.0015
15.00,0.0019
14.99,0.0059
14.99,0.0093
14.97,0.0083
14.97,0.0136
14.96,0.0075
14.95,0.0039
14.94,0.0059
14.93,0.0059
14.93,0.0047
14.92,0.0054
14.92,0.0047
14.91,0.0077
14.89,0.0088
14.87,0.0012
14.87,0.0004
14.85,0.0002
14.85,0.0085
14.84,0.0027
14.83,0.0081
14.82,0.0016
14.81,0.0035
14.81,0.0278
14.79,0.0112
14.78,0.0017
14.78,0.0150
14.77,0.0134
14.76,0.0080
14.74,0.0024
14.74,0.0097
14.72,0.0019
14.71,0.0071
14.69,0.0278
14.68,0.0048
14.68,0.0119
14.68,0.0021
14.67,0.0018
14.67,0.0135
14.66,0.0011
14.64,0.0077
14.64,0.0013
14.64,0.0014
14.63,0.0117
14.62,0.0165
14.60,0.0127
14.59,0.0191
14.58,0.0022
14.58,0.0082
14.57,0.0029
14.55,0.0008
14.54,0.0028
14.52,0.0060
14.51,0.0167
14.51,0.0018
14.50,0.0117
14.50,0.0093
14.48,0.0020
14.48,0.0087
14.46,0.0114
14.45,0.0059
14.43,0.0017
14.42,0.0027
14.41,0.0134
14.41,0.0021
14.40,0.0022
14.39,0.0123
14.38,0.0045
14.37,0.0112
14.36,0.0001
14.35,0.0013
14.34,0.0061
14.34,0.0058
14.32,0.0077
14.31,0.0011
14.31,0.0038
14.30,0.0019
14.28,0.0010
14.27,0.0075
14.27,0.0023
14.25,0.0303
14.24,0.0036
14.23,0.0074
14.21,0.0037
14.21,0.0285
14.20,0.0042
14.19,0.0033
14.18,0.0066
14.17,0.0024
14.15,0.0043
14.14,0.0001
14.13,0.0012
14.12,0.0019
14.12,0.0094
14.11,0.0040
14.09,0.0049
14.08,0.0051
14.08,0.0070
14.07,0.0058
14.07,0.0083
14.04,0.0102
14.04,0.0185
14.03,0.0005
14.02,0.0008
14.02,0.0174
14.01,0.0170
14.01,0.0081
14.00,0.0021
14.00,0.0038
13.98,0.0319
13.96,0.0097
13.95,0.0168
13.94,0.0014
13.93,0.0079
13.93,0.0099
13.91,0.0106
13.91,0.0045
13.91,0.0333
13.90,0.0043
13.89,0.0092
13.88,0.0028
13.85,0.0098
13.84,0.0021
13.84,0.0122
13.83,0.0057
13.82,0.0062
13.81,0.0029
13.80,0.0058
13.79,0.0034
13.79,0.0007
13.78,0.0066
13.78,0.0024
13.77,0.0090
13.76,0.0043
13.75,0.0027
13.74,0.0003
13.73,0.0013
13.72,0.0010
13.70,0.0007
13.68,0.0092
13.66,0.0104
13.65,0.0009
13.64,0.0106
13.64,0.0010
13.63,0.0004
13.63,0.0063
13.62,0.0048
13.60,0.0134
13.59,0.0153
13.58,0.0053
13.56,0.0020
13.56,0.0054
13.55,0.0017
13.55,0.0033
13.54,0.0006
13.53,0.0005
13.51,0.0013
13.49,0.0007
13.48,0.0052
13.48,0.0026
13.47,0.0014
13.47,0.0076
13.45,0.0024
13.45,0.0564
13.44,0.0034
13.43,0.0167
13.42,0.0036
13.41,0.0242
13.40,0.0427
13.39,0.0066
13.38,0.0011
13.37,0.0082
13.36,0.0010
13.35,0.0019
13.35,0.0069
13.34,0.0039
13.33,0.0302
13.32,0.0106
13.32,0.0069
13.30,0.0051
13.29,0.0128
13.27,0.0014
13.27,0.0120
13.27,0.0011
13.25,0.0070
13.23,0.0004
13.23,0.0013
13.21,0.0039
13.20,0.0050
13.19,0.0057
13.17,0.0018
13.16,0.0011
13.15,0.0061
13.15,0.0028
13.15,0.0009
13.14,0.0040
13.13,0.0010
13.13,0.0017
13.12,0.0106
13.12,0.0017
13.11,0.0014
13.10,0.0014
13.09,0.0002
13.08,0.0016
13.07,0.0007
13.06,0.0015
13.05,0.0069
13.04,0.0020
13.03,0.0002
13.03,0.0020
13.02,0.0015
13.02,0.0015
13.00,0.0019
13.00,0.0037
12.98,0.0031
12.96,0.0025
12.96,0.0365
12.95,0.0137
12.93,0.0135
12.93,0.0026
12.91,0.0102
12.90,0.0025
12.89,0.0011
12.88,0.0049
12.87,0.0009
12.84,0.0001
12.84,0.0001
12.84,0.0017
12.82,0.0040
12.80,0.0142
12.79,0.0033
12.78,0.0017
12.77,0.0187
12.76,0.0028
12.76,0.0098
12.75,0.0053
12.74,0.0014
12.73,0.0025
12.72,0.0002
12.72,0.0139
12.71,0.0019
12.71,0.0005
12.70,0.0021
12.68,0.0036
12.68,0.0047
12.67,0.0026
12.67,0.0015
12.66,0.0001
12.65,0.0155
12.64,0.0059
12.63,0.0008
12.61,0.0011
12.61,0.0145
12.59,0.0056
12.58,0.0027
12.57,0.0116
12.56,0.0134
12.55,0.0107
12.55,0.0046
12.54,0.0004
12.52,0.0010
12.52,0.0045
12.51,0.0034
12.51,0.0285
12.50,0.0053
12.48,0.0043
12.47,0.0013
12.45,0.0182
12.44,0.0063
12.43,0.0019
12.43,0.0221
12.42,0.0147
12.40,0.0019
12.40,0.0014
12.39,0.0026
12.38,0.0050
12.38,0.0075
12.36,0.0025
12.35,0.0007
12.35,0.0009
12.34,0.0158
12.33,0.0219
12.32,0.0071
12.32,0.0040
12.30,0.0025
12.30,0.0011
12.29,0.0107
12.27,0.0083
12.27,0.0041
12.27,0.0038
12.26,0.0037
12.25,0.0020
12.24,0.0016
12.23,0.0037
12.22,0.0019
12.21,0.0025
12.20,0.0192
12.20,0.0005
12.19,0.0024
12.19,0.0045
12.19,0.0018
12.17,0.0102
12.17,0.0116
12.16,0.0076
12.15,0.0037
12.14,0.0186
12.13,0.0039
12.12,0.0021
12.12,0.0008
12.12,0.0019
12.11,0.0034
12.10,0.0001
12.10,0.0067
12.08,0.0261
12.07,0.0105
12.07,0.0048
12.06,0.0031
12.05,0.0060
12.03,0.0055
12.03,0.0221
12.02,0.0030
12.01,0.0123
12.01,0.0092
12.00,0.0016
11.99,0.0064
11.99,0.0029
11.98,0.0065
11.98,0.0205
11.96,0.0257
11.95,0.0028
11.94,0.0680
11.93,0.0005
11.93,0.0129
11.92,0.0054
11.92,0.0020
11.92,0.0030
11.91,0.0012
11.90,0.0030
11.89,0.0016
11.88,0.0389
11.87,0.0023
11.86,0.0126
11.85,0.0128
11.84,0.0208
11.84,0.0097
11.84,0.0094
11.82,0.0038
11.81,0.0184
11.81,0.0082
11.80,0.0057
11.79,0.0078
11.78,0.0231
11.76,0.0031
11.75,0.0062
11.75,0.0352
11.74,0.0528
11.74,0.0093
11.73,0.0124
11.72,0.0298
11.72,0.0012
11.70,0.0026
11.69,0.0184
11.69,0.0082
11.68,0.0136
11.68,0.0167
11.67,0.0089
11.66,0.0071
11.65,0.0014
11.64,0.0052
11.63,0.0203
11.63,0.0018
11.62,0.0055
11.60,0.0111
11.59,0.0237
11.59,0.0022
11.59,0.0029
11.57,0.0043
11.56,0.0059
11.55,0.0059
11.54,0.0030
11.54,0.0014
11.53,0.0010
11.52,0.0059
11.52,0.0045
11.51,0.0053
11.50,0.0445
11.49,0.0023
11.48,0.0227
11.48,0.0177
11.47,0.0041
11.46,0.0149
11.45,0.0539
11.45,0.0075
11.45,0.0003
11.44,0.0121
11.43,0.0237
11.43,0.0348
11.42,0.0042
11.41,0.0106
11.40,0.0211
11.40,0.0152
11.39,0.0014
11.38,0.0005
11.38,0.0013
11.36,0.0015
11.36,0.0256
11.35,0.0165
11.34,0.0137
11.33,0.0016
11.33,0.0170
11.30,0.0025
11.30,0.0231
11.29,0.1917
11.29,0.0099
11.26,0.0256
11.26,0.0195
11.26,0.0189
11.25,0.0064
11.23,0.0384
11.23,0.0194
11.21,0.0124
11.21,0.0095
11.21,0.0041
11.19,0.0009
11.19,0.0055
11.17,0.0492
11.17,0.0237
11.16,0.0097
11.16,0.0212
11.14,0.0016
11.12,0.0070
11.12,0.0162
11.11,0.0166
11.09,0.0776
11.08,0.0839
11.07,0.0253
11.06,0.0137
11.05,0.0027
11.05,0.0161
11.04,0.0095
11.03,0.0020
11.03,0.0020
11.01,0.0215
11.01,0.0052
10.98,0.0082
10.97,0.0043
10.97,0.0007
10.96,0.0108
10.94,0.0199
10.93,0.0039
10.92,0.1296
10.91,0.0150
10.91,0.0017
10.89,0.0062
10.89,0.0052
10.87,0.0057
10.84,0.0052
10.84,0.0203
10.82,0.0034
10.82,0.0006
10.80,0.0007
10.79,0.0023
10.76,0.0078
10.75,0.0004
10.74,0.0022
10.73,0.0009
10.73,0.0035
10.72,0.0038
10.70,0.0003
10.66,0.0005
10.63,0.0049
10.60,0.0138
10.60,0.0023
10.59,0.0010
10.58,0.0004
10.58,0.0084
10.56,0.0580
10.54,0.1184
10.54,0.0034
10.53,0.0145
10.52,0.0002
10.51,0.0260
10.50,0.0290
10.49,0.0311
10.48,0.0109
10.45,0.0038
10.41,0.0035
10.41,0.0006
10.41,0.1192
10.40,0.0169
10.36,0.0654
10.35,0.0084
10.35,0.0005
10.34,0.0015
10.29,0.0054
10.28,0.0005
10.24,0.0016
10.24,0.0008
10.22,0.0389
10.21,0.0010
10.19,0.1012
10.18,0.0256
10.17,0.0162
10.15,0.0003
10.12,0.0000
10.11,0.0000
10.09,0.0001
10.08,0.0967
10.04,0.0023
10.03,0.0006
10.01,0.0269
9.99,0.0024
9.98,0.0003
9.96,0.0122
9.93,0.0033
9.91,0.0083
9.91,0.0008
9.89,0.0258
9.85,0.0002
9.80,0.0010
9.71,0.0014
9.70,0.0001
9.63,0.0000
9.59,0.0003
9.55,0.0049
9.38,0.0006
9.28,0.0000
9.23,0.0000
9.17,0.0000
9.05,0.0000
8.90,0.0021
