168.97,0.0108
157.60,0.0178
153.78,0.0508
148.22,0.0092
142.08,0.0220
139.30,0.0117
136.52,0.0060
135.78,0.0106
134.88,0.0011
133.67,0.0338
131.92,0.0089
131.33,0.0181
129.88,0.0045
128.95,0.0146
128.16,0.0405
126.94,0.0491
124.75,0.0383
124.38,0.0096
124.01,0.0373
123.31,0.0471
122.75,0.0297
122.48,0.0377
121.09,0.0082
120.72,0.0416
120.35,0.0072
119.87,0.0707
119.21,0.0064
118.60,0.0228
118.04,0.0324
117.60,0.0547
117.36,0.0112
115.89,0.0523
115.50,0.0350
115.15,0.0365
114.67,0.0479
113.97,0.0211
113.62,0.0818
113.46,0.0136
113.14,0.0361
113.06,0.0399
112.42,0.0215
112.03,0.0148
111.65,0.0113
111.34,0.0305
110.62,0.0565
110.41,0.0231
110.34,0.0721
109.68,0.0297
109.41,0.0209
108.99,0.0355
108.83,0.0743
108.39,0.0578
108.17,0.0204
107.80,0.0107
107.73,0.0173
107.42,0.0601
107.29,0.0639
106.92,0.1085
106.90,0.0647
106.61,0.0188
106.14,0.0146
105.92,0.0100
105.90,0.0221
105.42,0.0383
105.00,0.0325
104.77,0.0156
104.32,0.0369
104.17,0.0398
103.93,0.0470
103.76,0.0113
103.53,0.0338
103.20,0.0072
103.04,0.0059
102.91,0.0202
102.82,0.0391
102.68,0.0418
102.49,0.0018
102.07,0.0159
101.85,0.0117
101.74,0.0776
101.43,0.0012
101.26,0.0176
101.12,0.0602
100.89,0.0294
100.61,0.0491
100.56,0.0301
100.29,0.0059
100.20,0.0123
99.77,0.0315
99.61,0.0442
99.51,0.0206
99.38,0.0041
99.23,0.0199
98.97,0.0597
98.87,0.0682
98.60,0.0228
98.42,0.0076
98.28,0.0076
98.10,0.0001
98.02,0.0151
97.79,0.0232
97.59,0.0669
97.41,0.0217
97.35,0.0479
97.14,0.0279
96.94,0.0111
96.86,0.0598
96.63,0.0514
96.46,0.0131
96.40,0.0013
96.16,0.0098
96.10,0.0433
95.86,0.0373
95.75,0.0120
95.68,0.0152
95.50,0.0022
95.39,0.1071
95.11,0.0177
95.05,0.0147
94.90,0.0161
94.70,0.0159
94.64,0.0340
94.53,0.0238
94.33,0.0316
94.02,0.0042
93.95,0.0297
93.79,0.0040
93.59,0.0539
93.40,0.0315
93.22,0.0487
93.11,0.0277
92.96,0.0358
92.94,0.0296
92.69,0.0747
92.54,0.0291
92.46,0.0074
92.34,0.0068
92.10,0.0292
92.05,0.0006
91.92,0.0429
91.70,0.0095
91.53,0.0303
91.35,0.0822
91.26,0.0106
91.23,0.0118
91.03,0.0377
90.84,0.0098
90.80,0.0164
90.62,0.0129
90.30,0.0105
90.26,0.0416
90.17,0.0076
90.02,0.0218
89.80,0.0264
89.67,0.0367
89.53,0.0518
89.46,0.1407
89.24,0.0149
89.04,0.0114
89.00,0.0176
88.92,0.0045
88.74,0.0059
88.69,0.0434
88.56,0.0166
88.45,0.0299
88.37,0.0639
88.21,0.0356
88.05,0.0460
88.01,0.0066
87.87,0.0460
87.78,0.0219
87.69,0.0102
87.61,0.0052
87.39,0.0518
87.33,0.0283
87.28,0.0312
87.13,0.0448
87.11,0.0251
86.87,0.0196
86.83,0.0064
86.71,0.0083
86.61,0.0072
86.50,0.0218
86.30,0.0037
86.27,0.0154
86.21,0.0547
86.13,0.0021
86.00,0.0095
85.90,0.0197
85.74,0.0442
85.69,0.0186
85.67,0.0069
85.61,0.0285
85.41,0.1185
85.26,0.0243
85.16,0.0544
85.07,0.0798
85.00,0.0032
84.89,0.0373
84.82,0.0882
84.70,0.0295
84.60,0.0324
84.55,0.0167
84.43,0.0313
84.28,0.0416
84.20,0.0207
84.18,0.0149
84.02,0.0308
83.94,0.1739
83.89,0.0127
83.81,0.0296
83.67,0.0095
83.53,0.0583
83.48,0.0154
83.44,0.0377
83.31,0.0186
83.23,0.0061
83.16,0.0140
83.03,0.0232
82.91,0.0632
82.85,0.0046
82.77,0.0408
82.72,0.0327
82.64,0.0125
82.47,0.0118
82.37,0.0021
82.30,0.0033
82.22,0.0240
82.11,0.0711
82.07,0.0092
81.94,0.0235
81.90,0.0309
81.76,0.0291
81.67,0.0200
81.61,0.0229
81.52,0.0204
81.44,0.0924
81.30,0.0326
81.25,0.0106
81.20,0.0394
81.13,0.0089
81.02,0.0222
80.92,0.0696
80.88,0.0205
80.79,0.0202
80.70,0.0598
80.62,0.0180
80.50,0.0112
80.46,0.0739
80.40,0.0948
80.33,0.0204
80.25,0.0155
80.16,0.0338
80.08,0.0168
80.03,0.0104
79.99,0.0039
79.73,0.0421
79.72,0.0257
79.66,0.0132
79.51,0.0274
79.41,0.0395
79.39,0.0147
79.32,0.0590
79.18,0.0211
79.12,0.0369
79.02,0.0438
78.93,0.0129
78.83,0.0382
78.78,0.0970
78.57,0.0240
78.54,0.0115
78.50,0.0020
78.44,0.0124
78.35,0.0188
78.31,0.0435
78.23,0.0217
78.08,0.0479
78.03,0.0328
77.98,0.0036
77.84,0.0831
77.72,0.0114
77.61,0.0451
77.55,0.0209
77.47,0.0095
77.41,0.0171
77.38,0.0576
77.35,0.0155
77.27,0.0016
77.21,0.0136
77.15,0.0097
77.09,0.0127
76.97,0.0139
76.91,0.0873
76.82,0.0232
76.73,0.0972
76.63,0.0479
76.60,0.0040
76.55,0.0109
76.48,0.0138
76.43,0.0244
76.34,0.0561
76.22,0.0625
76.11,0.0097
76.08,0.0484
76.05,0.0240
75.85,0.0259
75.82,0.0105
75.80,0.0320
75.75,0.0106
75.69,0.0042
75.61,0.0044
75.48,0.0214
75.41,0.0026
75.36,0.0548
75.33,0.0422
75.24,0.0121
75.19,0.0561
75.05,0.0496
75.03,0.0483
75.00,0.0288
74.97,0.0114
74.88,0.0093
74.81,0.0149
74.76,0.0077
74.74,0.0147
74.67,0.0060
74.55,0.0420
74.45,0.0040
74.41,0.0062
74.39,0.0141
74.24,0.0282
74.21,0.0615
74.19,0.0209
74.10,0.0420
74.09,0.0420
73.99,0.0097
73.95,0.0089
73.87,0.0202
73.84,0.0735
73.74,0.0243
73.69,0.0346
73.62,0.0930
73.58,0.0219
73.48,0.0392
73.43,0.0019
73.41,0.0049
73.35,0.0074
73.28,0.0134
73.25,0.0114
73.22,0.0663
73.19,0.0220
73.09,0.0276
73.00,0.0123
72.96,0.0425
72.87,0.0753
72.84,0.0314
72.75,0.0141
72.71,0.0438
72.59,0.0076
72.59,0.0152
72.49,0.0426
72.46,0.0102
72.42,0.0336
72.33,0.0061
72.33,0.0439
72.26,0.0530
72.20,0.0348
72.17,0.0047
72.10,0.0527
72.01,0.0096
71.99,0.0787
71.96,0.0152
71.92,0.0033
71.82,0.0608
71.79,0.0063
71.77,0.0088
71.73,0.0009
71.68,0.0040
71.62,0.0451
71.48,0.0173
71.43,0.0215
71.40,0.0283
71.37,0.0584
71.36,0.0377
71.31,0.0367
71.27,0.0117
71.22,0.0190
71.16,0.0395
71.06,0.0119
70.99,0.0191
70.98,0.0118
70.95,0.0167
70.90,0.0133
70.86,0.0410
70.74,0.0291
70.68,0.0003
70.63,0.0176
70.58,0.0687
70.54,0.0245
70.48,0.0305
70.45,0.0190
70.42,0.0116
70.35,0.0766
70.27,0.0192
70.23,0.0497
70.18,0.0105
70.12,0.0005
70.06,0.0182
70.00,0.0029
69.97,0.0407
69.92,0.0185
69.83,0.0160
69.75,0.0423
69.72,0.0223
69.66,0.0395
69.62,0.0081
69.59,0.0294
69.54,0.0131
69.45,0.0344
69.43,0.0111
69.40,0.0384
69.34,0.0107
69.30,0.0193
69.25,0.0508
69.23,0.0636
69.14,0.0126
69.11,0.0207
69.09,0.0265
69.04,0.0560
68.97,0.0646
68.91,0.0265
68.90,0.0297
68.83,0.0281
68.77,0.0590
68.72,0.0081
68.63,0.0122
68.60,0.0180
68.59,0.0662
68.53,0.0094
68.44,0.0108
68.39,0.0062
68.38,0.0178
68.34,0.0404
68.25,0.0258
68.24,0.0163
68.18,0.0362
68.18,0.0113
68.08,0.0283
68.04,0.0109
67.99,0.0193
67.96,0.0221
67.88,0.0136
67.88,0.0133
67.80,0.0367
67.75,0.0311
67.73,0.0469
67.67,0.0028
67.60,0.0360
67.59,0.0074
67.55,0.0756
67.51,0.0111
67.47,0.0263
67.41,0.0635
67.40,0.0048
67.32,0.0045
67.29,0.0339
67.28,0.0012
67.22,0.0275
67.19,0.0034
67.11,0.0225
67.10,0.0137
67.04,0.0657
67.00,0.0179
66.93,0.0355
66.87,0.0133
66.82,0.0131
66.78,0.0008
66.74,0.0143
66.69,0.0352
66.66,0.0179
66.62,0.0093
66.59,0.0725
66.52,0.0436
66.50,0.0014
66.46,0.0729
66.41,0.0258
66.35,0.0641
66.33,0.0206
66.29,0.0118
66.25,0.0473
66.22,0.0203
66.18,0.0049
66.10,0.0046
66.08,0.0098
66.03,0.0059
66.01,0.0372
65.96,0.0131
65.94,0.0341
65.90,0.0107
65.81,0.0212
65.77,0.0313
65.77,0.0047
65.70,0.0043
65.68,0.0130
65.63,0.0111
65.58,0.0076
65.54,0.0058
65.52,0.0091
65.44,0.0253
65.40,0.0068
65.38,0.0272
65.34,0.0077
65.28,0.0122
65.22,0.0310
65.21,0.0108
65.19,0.0592
65.13,0.0137
65.12,0.0035
65.06,0.0082
65.05,0.0133
64.94,0.0060
64.92,0.0189
64.88,0.0064
64.80,0.0165
64.79,0.0131
64.74,0.0058
64.70,0.0197
64.64,0.0072
64.62,0.0098
64.57,0.0195
64.55,0.0182
64.51,0.0080
64.47,0.0109
64.40,0.0389
64.37,0.0186
64.36,0.0348
64.34,0.0119
64.30,0.0122
64.23,0.0155
64.20,0.0888
64.16,0.0166
64.12,0.0439
64.08,0.0099
64.05,0.0048
64.03,0.0163
64.01,0.0231
63.89,0.0390
63.87,0.0101
63.86,0.0232
63.78,0.0269
63.73,0.0070
63.72,0.0258
63.70,0.0112
63.67,0.0152
63.62,0.0244
63.61,0.0053
63.60,0.0175
63.59,0.0135
63.54,0.0220
63.49,0.0137
63.42,0.0458
63.40,0.0132
63.38,0.0038
63.32,0.0413
63.31,0.0376
63.29,0.0125
63.27,0.0051
63.22,0.0027
63.19,0.0009
63.16,0.0010
63.12,0.0177
63.07,0.0490
63.04,0.0018
63.00,0.0200
62.96,0.0238
62.93,0.0168
62.91,0.0031
62.87,0.0894
62.83,0.0010
62.80,0.0263
62.77,0.0064
62.73,0.0324
62.67,0.0082
62.64,0.0042
62.62,0.0103
62.56,0.0092
62.55,0.0011
62.54,0.0022
62.51,0.0013
62.48,0.0022
62.42,0.0124
62.40,0.0072
62.37,0.0164
62.36,0.0152
62.30,0.0158
62.28,0.0013
62.23,0.0319
62.19,0.0043
62.15,0.0262
62.12,0.0186
62.07,0.0034
62.05,0.0028
62.05,0.0089
61.98,0.0408
61.94,0.0022
61.92,0.0017
61.90,0.0043
61.85,0.0033
61.82,0.0183
61.76,0.0287
61.75,0.0040
61.68,0.0110
61.66,0.0131
61.64,0.0055
61.61,0.0021
61.59,0.0095
61.59,0.0190
61.52,0.0047
61.51,0.0034
61.45,0.0366
61.42,0.0030
61.40,0.0251
61.39,0.0122
61.37,0.0237
61.28,0.0074
61.25,0.0169
61.22,0.0184
61.21,0.0176
61.16,0.0449
61.10,0.0125
61.08,0.0103
61.05,0.0349
61.04,0.0026
61.03,0.0440
60.97,0.0077
60.96,0.0166
60.91,0.0021
60.89,0.0177
60.88,0.0330
60.82,0.0099
60.77,0.0246
60.77,0.0158
60.76,0.0011
60.73,0.0391
60.67,0.0051
60.63,0.0183
60.60,0.0303
60.57,0.0040
60.53,0.0217
60.46,0.0065
60.45,0.0008
60.42,0.0193
60.40,0.0256
60.34,0.0066
60.31,0.0128
60.30,0.0171
60.28,0.0163
60.26,0.0267
60.19,0.0068
60.15,0.0080
60.15,0.0157
60.10,0.0059
60.08,0.0105
60.04,0.0127
60.03,0.0010
60.02,0.0192
59.98,0.0120
59.96,0.0083
59.93,0.0046
59.87,0.0058
59.85,0.0024
59.81,0.0204
59.79,0.0040
59.78,0.0118
59.76,0.0039
59.72,0.0101
59.68,0.0128
59.65,0.0159
59.64,0.0246
59.57,0.0121
59.54,0.0130
59.54,0.0054
59.49,0.0103
59.48,0.0384
59.45,0.0166
59.38,0.0123
59.35,0.0031
59.35,0.0101
59.33,0.0296
59.30,0.0128
59.26,0.0004
59.24,0.0098
59.23,0.0145
59.16,0.0140
59.12,0.0350
59.11,0.0094
59.08,0.0030
59.06,0.0165
59.05,0.0135
59.01,0.0181
58.97,0.0042
58.94,0.0066
58.90,0.0280
58.87,0.0381
58.87,0.0023
58.84,0.0037
58.81,0.0057
58.79,0.0026
58.76,0.0261
58.70,0.0050
58.66,0.0247
58.65,0.0066
58.63,0.0235
58.59,0.0081
58.59,0.0301
58.55,0.0190
58.50,0.0198
58.48,0.0175
58.42,0.0096
58.40,0.0150
58.39,0.0020
58.36,0.0181
58.31,0.0363
58.29,0.0204
58.26,0.0274
58.24,0.0105
58.23,0.0100
58.17,0.0314
58.14,0.0030
58.11,0.0004
58.10,0.0065
58.05,0.0026
58.00,0.0034
57.99,0.0056
57.96,0.0035
57.94,0.0176
57.93,0.0021
57.90,0.0044
57.88,0.0136
57.85,0.0013
57.84,0.0086
57.83,0.0134
57.81,0.0094
57.76,0.0029
57.72,0.0057
57.68,0.0167
57.67,0.0298
57.65,0.0019
57.63,0.0202
57.60,0.0136
57.59,0.0090
57.53,0.0028
57.51,0.0071
57.50,0.0003
57.46,0.0079
57.43,0.0054
57.37,0.0137
57.37,0.0027
57.34,0.0521
57.33,0.0131
57.30,0.0195
57.29,0.0019
57.25,0.0079
57.21,0.0217
57.19,0.0060
57.17,0.0042
57.16,0.0068
57.14,0.0038
57.11,0.0253
57.09,0.0303
57.06,0.0037
57.03,0.0025
57.02,0.0267
56.99,0.0122
56.98,0.0206
56.95,0.0118
56.91,0.0036
56.90,0.0055
56.87,0.0041
56.84,0.0011
56.82,0.0044
56.80,0.0029
56.79,0.0070
56.73,0.0181
56.69,0.0145
56.68,0.0010
56.64,0.0066
56.61,0.0062
56.58,0.0049
56.57,0.0281
56.53,0.0076
56.51,0.0070
56.48,0.0166
56.45,0.0006
56.43,0.0046
56.39,0.0114
56.37,0.0032
56.37,0.0055
56.34,0.0090
56.34,0.0196
56.31,0.0037
56.28,0.0128
56.26,0.0013
56.23,0.0048
56.19,0.0045
56.17,0.0064
56.16,0.0027
56.13,0.0140
56.11,0.0031
56.09,0.0017
56.06,0.0203
56.03,0.0122
56.00,0.0141
55.96,0.0061
55.93,0.0015
55.91,0.0254
55.89,0.0102
55.86,0.0037
55.83,0.0242
55.81,0.0104
55.76,0.0179
55.74,0.0085
55.73,0.0050
55.72,0.0300
55.67,0.0060
55.65,0.0656
55.65,0.0053
55.64,0.0025
55.57,0.0073
55.56,0.0248
55.54,0.0376
55.51,0.0278
55.49,0.0024
55.46,0.0226
55.43,0.0007
55.39,0.0115
55.38,0.0067
55.35,0.0045
55.34,0.0142
55.31,0.0221
55.28,0.0183
55.24,0.0201
55.23,0.0088
55.22,0.0167
55.20,0.0164
55.17,0.0092
55.15,0.0167
55.13,0.0191
55.09,0.0097
55.06,0.0051
55.05,0.0077
55.01,0.0083
55.00,0.0049
54.99,0.0032
54.96,0.0037
54.95,0.0055
54.93,0.0094
54.91,0.0368
54.89,0.0032
54.87,0.0094
54.83,0.0023
54.81,0.0243
54.78,0.0121
54.76,0.0025
54.75,0.0025
54.72,0.0008
54.70,0.0043
54.67,0.0109
54.64,0.0189
54.62,0.0025
54.59,0.0088
54.58,0.0058
54.53,0.0027
54.52,0.0048
54.49,0.0071
54.49,0.0168
54.45,0.0021
54.44,0.0050
54.40,0.0088
54.38,0.0188
54.36,0.0215
54.35,0.0111
54.32,0.0216
54.28,0.0119
54.27,0.0229
54.25,0.0060
54.22,0.0117
54.19,0.0136
54.17,0.0145
54.15,0.0178
54.11,0.0188
54.09,0.0157
54.06,0.0063
54.05,0.0042
54.02,0.0153
53.98,0.0083
53.96,0.0132
53.94,0.0167
53.92,0.0024
53.91,0.0084
53.90,0.0283
53.87,0.0247
53.83,0.0156
53.81,0.0148
53.80,0.0058
53.79,0.0024
53.75,0.0054
53.73,0.0159
53.72,0.0104
53.70,0.0009
53.69,0.0096
53.66,0.0127
53.63,0.0159
53.61,0.0068
53.59,0.0130
53.58,0.0039
53.55,0.0043
53.53,0.0158
53.51,0.0074
53.50,0.0124
53.47,0.0107
53.46,0.0014
53.43,0.0013
53.40,0.0405
53.36,0.0220
53.34,0.0040
53.33,0.0199
53.32,0.0177
53.30,0.0129
53.28,0.0122
53.26,0.0118
53.25,0.0033
53.20,0.0197
53.18,0.0153
53.16,0.0012
53.14,0.0021
53.12,0.0045
53.10,0.0061
53.06,0.0089
53.03,0.0021
53.02,0.0085
53.01,0.0120
52.98,0.0069
52.97,0.0118
52.93,0.0129
52.92,0.0184
52.89,0.0123
52.87,0.0004
52.85,0.0055
52.83,0.0064
52.81,0.0237
52.80,0.0064
52.79,0.0273
52.76,0.0376
52.70,0.0067
52.69,0.0406
52.67,0.0223
52.67,0.0151
52.62,0.0093
52.59,0.0111
52.56,0.0117
52.55,0.0115
52.54,0.0283
52.52,0.0263
52.50,0.0118
52.48,0.0101
52.44,0.0195
52.43,0.0204
52.42,0.0022
52.40,0.0020
52.38,0.0142
52.35,0.0009
52.33,0.0025
52.32,0.0234
52.30,0.0052
52.29,0.0092
52.26,0.0339
52.22,0.0136
52.20,0.0014
52.19,0.0117
52.17,0.0016
52.16,0.0130
52.15,0.0037
52.14,0.0016
52.10,0.0049
52.09,0.0138
52.08,0.0311
52.06,0.0084
52.03,0.0036
52.01,0.0175
52.00,0.0227
51.97,0.0065
51.96,0.0032
51.95,0.0002
51.94,0.0114
51.90,0.0121
51.87,0.0033
51.85,0.0062
51.81,0.0222
51.80,0.0066
51.78,0.0099
51.76,0.0133
51.73,0.0133
51.71,0.0128
51.69,0.0005
51.68,0.0122
51.67,0.0033
51.65,0.0067
51.61,0.0200
51.57,0.0056
51.56,0.0029
51.54,0.0086
51.52,0.0013
51.51,0.0169
51.49,0.0115
51.48,0.0033
51.43,0.0048
51.42,0.0149
51.41,0.0049
51.40,0.0093
51.37,0.0310
51.34,0.0052
51.32,0.0049
51.30,0.0167
51.30,0.0037
51.28,0.0135
51.25,0.0063
51.21,0.0104
51.19,0.0049
51.17,0.0047
51.15,0.0222
51.13,0.0270
51.11,0.0187
51.09,0.0047
51.05,0.0563
51.02,0.0404
51.01,0.0242
50.99,0.0051
50.97,0.0036
50.93,0.0036
50.92,0.0044
50.90,0.0045
50.89,0.0237
50.87,0.0038
50.85,0.0094
50.84,0.0036
50.82,0.0081
50.79,0.0158
50.76,0.0186
50.73,0.0240
50.73,0.0140
50.70,0.0033
50.69,0.0072
50.67,0.0271
50.66,0.0197
50.64,0.0156
50.62,0.0140
50.59,0.0361
50.57,0.0116
50.55,0.0087
50.53,0.0269
50.52,0.0101
50.50,0.0086
50.48,0.0017
50.48,0.0372
50.45,0.0058
50.43,0.0043
50.41,0.0014
50.40,0.0099
50.37,0.0140
50.36,0.0032
50.36,0.0221
50.33,0.0028
50.29,0.0141
50.27,0.0084
50.25,0.0258
50.23,0.0179
50.20,0.0038
50.19,0.0138
50.17,0.0303
50.16,0.0016
50.13,0.0510
50.12,0.0066
50.11,0.0218
50.09,0.0177
50.06,0.0138
50.04,0.0146
50.03,0.0054
50.00,0.0380
49.98,0.0091
49.96,0.0075
49.93,0.0066
49.92,0.0024
49.91,0.0151
49.88,0.0072
49.84,0.0172
49.83,0.0573
49.82,0.0284
49.79,0.0512
49.77,0.0079
49.77,0.0266
49.75,0.0032
49.73,0.0091
49.71,0.0116
49.68,0.0088
49.66,0.0082
49.65,0.0098
49.64,0.0195
49.63,0.0056
49.60,0.0095
49.58,0.0203
49.56,0.0034
49.55,0.0006
49.52,0.0173
49.50,0.0177
49.48,0.0107
49.47,0.0086
49.43,0.0152
49.42,0.0171
49.40,0.0129
49.39,0.0072
49.38,0.0060
49.36,0.0206
49.34,0.0086
49.30,0.0309
49.30,0.0079
49.28,0.0252
49.27,0.0122
49.26,0.0219
49.23,0.0014
49.21,0.0143
49.19,0.0152
49.18,0.0023
49.15,0.0191
49.12,0.0064
49.12,0.0199
49.08,0.0231
49.07,0.0100
49.05,0.0227
49.04,0.0099
49.03,0.0007
48.99,0.0220
48.97,0.0142
48.95,0.0176
48.94,0.0653
48.92,0.0049
48.90,0.0113
48.88,0.0084
48.85,0.0178
48.84,0.0045
48.82,0.0121
48.79,0.0055
48.77,0.0010
48.76,0.0140
48.76,0.0306
48.73,0.0185
48.72,0.0003
48.70,0.0197
48.68,0.0390
48.66,0.0131
48.63,0.0145
48.63,0.0177
48.61,0.0397
48.60,0.0037
48.55,0.0272
48.54,0.0173
48.52,0.0042
48.51,0.0059
48.49,0.0020
48.47,0.0012
48.44,0.0016
48.42,0.0090
48.41,0.0080
48.40,0.0044
48.37,0.0161
48.36,0.0054
48.35,0.0155
48.32,0.0024
48.31,0.0323
48.28,0.0102
48.27,0.0069
48.25,0.0173
48.25,0.0128
48.22,0.0013
48.21,0.0182
48.18,0.0192
48.16,0.0018
48.16,0.0190
48.12,0.0208
48.10,0.0028
48.08,0.0044
48.06,0.0166
48.05,0.0034
48.04,0.0144
48.02,0.0553
47.96,0.0427
47.96,0.0243
47.93,0.0290
47.92,0.0348
47.91,0.0034
47.87,0.0107
47.86,0.0139
47.85,0.0033
47.83,0.0054
47.81,0.0330
47.80,0.0211
47.78,0.0154
47.74,0.0244
47.74,0.0051
47.72,0.0167
47.71,0.0105
47.69,0.0158
47.67,0.0164
47.66,0.0076
47.63,0.0054
47.60,0.0026
47.58,0.0245
47.57,0.0166
47.56,0.0018
47.55,0.0146
47.51,0.0081
47.50,0.0243
47.49,0.0129
47.46,0.0291
47.45,0.0057
47.43,0.0038
47.41,0.0191
47.40,0.0002
47.39,0.0128
47.37,0.0046
47.36,0.0159
47.33,0.0092
47.32,0.0147
47.31,0.0143
47.28,0.0077
47.26,0.0144
47.22,0.0038
47.21,0.0026
47.18,0.0321
47.17,0.0061
47.14,0.0020
47.13,0.0108
47.11,0.0372
47.10,0.0165
47.09,0.0003
47.07,0.0182
47.06,0.0240
47.03,0.0210
47.02,0.0026
47.02,0.0033
47.00,0.0044
46.99,0.0194
46.94,0.0060
46.93,0.0100
46.92,0.0036
46.89,0.0118
46.88,0.0100
46.85,0.0196
46.83,0.0114
46.81,0.0021
46.79,0.0223
46.78,0.0038
46.76,0.0390
46.75,0.0080
46.74,0.0107
46.71,0.0109
46.68,0.0326
46.68,0.0048
46.67,0.0255
46.64,0.0032
46.62,0.0279
46.60,0.0145
46.58,0.0008
46.56,0.0293
46.54,0.0060
46.52,0.0168
46.51,0.0038
46.48,0.0026
46.47,0.0047
46.46,0.0235
46.42,0.0554
46.41,0.0296
46.39,0.0148
46.38,0.0351
46.36,0.0037
46.35,0.0162
46.33,0.0312
46.31,0.0192
46.27,0.0074
46.26,0.0132
46.25,0.0011
46.23,0.0337
46.21,0.0344
46.17,0.0225
46.15,0.0084
46.13,0.0084
46.11,0.0026
46.10,0.0017
46.09,0.0723
46.08,0.0042
46.06,0.0067
46.01,0.0118
46.00,0.0435
45.98,0.0143
45.97,0.0203
45.95,0.0011
45.93,0.0196
45.91,0.0088
45.90,0.0101
45.88,0.0078
45.85,0.0090
45.84,0.0057
45.83,0.0096
45.80,0.0193
45.80,0.0127
45.78,0.0234
45.76,0.0337
45.74,0.0145
45.73,0.0023
45.70,0.0080
45.69,0.0049
45.68,0.0066
45.66,0.0062
45.65,0.0106
45.64,0.0027
45.61,0.0142
45.61,0.0016
45.59,0.0078
45.57,0.0025
45.55,0.0090
45.53,0.0026
45.52,0.0113
45.51,0.0276
45.50,0.0093
45.49,0.0152
45.45,0.0074
45.45,0.0270
45.42,0.0175
45.41,0.0346
45.39,0.0033
45.38,0.0024
45.35,0.0207
45.35,0.0009
45.31,0.0029
45.30,0.0095
45.29,0.0062
45.28,0.0050
45.27,0.0031
45.22,0.0018
45.22,0.0037
45.21,0.0047
45.20,0.0016
45.17,0.0054
45.15,0.0088
45.14,0.0084
45.13,0.0005
45.11,0.0127
45.09,0.0151
45.08,0.0273
45.05,0.0002
45.02,0.0119
45.01,0.0031
44.99,0.0135
44.98,0.0070
44.96,0.0084
44.95,0.0017
44.93,0.0009
44.91,0.0268
44.89,0.0190
44.86,0.0134
44.86,0.0122
44.84,0.0228
44.79,0.0032
44.78,0.0079
44.76,0.0026
44.75,0.0084
44.73,0.0020
44.72,0.0125
44.71,0.0004
44.69,0.0214
44.68,0.0202
44.66,0.0129
44.63,0.0009
44.62,0.0065
44.61,0.0012
44.57,0.0021
44.56,0.0028
44.54,0.0019
44.53,0.0058
44.53,0.0102
44.50,0.0158
44.49,0.0040
44.46,0.0082
44.44,0.0064
44.42,0.0227
44.41,0.0021
44.39,0.0120
44.36,0.0162
44.35,0.0091
44.34,0.0127
44.32,0.0047
44.29,0.0280
44.27,0.0021
44.26,0.0009
44.25,0.0026
44.23,0.0072
44.22,0.0065
44.20,0.0017
44.19,0.0031
44.17,0.0118
44.15,0.0209
44.13,0.0178
44.11,0.0023
44.11,0.0028
44.06,0.0124
44.05,0.0160
44.04,0.0088
44.03,0.0069
44.01,0.0153
44.00,0.0030
43.98,0.0120
43.98,0.0031
43.94,0.0104
43.90,0.0098
43.90,0.0106
43.89,0.0084
43.86,0.0227
43.85,0.0001
43.80,0.0130
43.80,0.0092
43.78,0.0049
43.76,0.0155
43.74,0.0122
43.74,0.0139
43.72,0.0063
43.71,0.0326
43.70,0.0131
43.68,0.0100
43.67,0.0313
43.65,0.0189
43.62,0.0419
43.61,0.0035
43.59,0.0373
43.57,0.0194
43.56,0.0067
43.53,0.0171
43.51,0.0049
43.51,0.0104
43.47,0.0273
43.45,0.0142
43.44,0.0074
43.40,0.0239
43.37,0.0243
43.36,0.0402
43.34,0.0020
43.33,0.0020
43.31,0.0157
43.30,0.0244
43.28,0.0063
43.26,0.0014
43.25,0.0020
43.21,0.0065
43.20,0.0006
43.17,0.0027
43.16,0.0058
43.15,0.0077
43.13,0.0078
43.10,0.0007
43.08,0.0083
43.07,0.0103
43.04,0.0025
43.03,0.0037
43.02,0.0056
43.00,0.0070
42.97,0.0049
42.97,0.0040
42.95,0.0070
42.94,0.0022
42.92,0.0015
42.90,0.0156
42.89,0.0098
42.86,0.0027
42.85,0.0068
42.83,0.0014
42.81,0.0078
42.80,0.0084
42.79,0.0132
42.77,0.0143
42.75,0.0087
42.74,0.0080
42.71,0.0088
42.70,0.0536
42.70,0.0148
42.67,0.0010
42.65,0.0035
42.62,0.0047
42.60,0.0303
42.59,0.0103
42.57,0.0121
42.54,0.0037
42.53,0.0069
42.51,0.0482
42.46,0.0035
42.45,0.0052
42.44,0.0309
42.44,0.0020
42.41,0.0194
42.36,0.0134
42.35,0.0236
42.32,0.0046
42.32,0.0093
42.31,0.0039
42.29,0.0051
42.26,0.0009
42.25,0.0122
42.23,0.0199
42.21,0.0127
42.19,0.0065
42.19,0.0095
42.17,0.0063
42.15,0.0005
42.13,0.0156
42.11,0.0086
42.09,0.0092
42.09,0.0264
42.06,0.0004
42.06,0.0072
42.05,0.0013
42.01,0.0141
41.99,0.0064
41.99,0.0057
41.97,0.0103
41.96,0.0061
41.94,0.0025
41.94,0.0054
41.92,0.0041
41.91,0.0019
41.89,0.0150
41.87,0.0020
41.86,0.0154
41.84,0.0212
41.83,0.0016
41.81,0.0106
41.80,0.0027
41.79,0.0102
41.76,0.0113
41.73,0.0016
41.72,0.0057
41.71,0.0038
41.68,0.0203
41.66,0.0017
41.64,0.0036
41.64,0.0014
41.59,0.0071
41.59,0.0025
41.57,0.0048
41.55,0.0021
41.55,0.0075
41.54,0.0092
41.52,0.0029
41.49,0.0111
41.46,0.0112
41.45,0.0075
41.42,0.0127
41.41,0.0031
41.39,0.0093
41.37,0.0018
41.37,0.0023
41.34,0.0111
41.32,0.0007
41.32,0.0027
41.29,0.0011
41.26,0.0026
41.24,0.0064
41.21,0.0009
41.19,0.0023
41.17,0.0108
41.16,0.0034
41.15,0.0004
41.14,0.0046
41.10,0.0038
41.08,0.0032
41.07,0.0019
41.05,0.0023
41.04,0.0068
41.01,0.0053
41.00,0.0046
40.99,0.0024
40.96,0.0018
40.93,0.0003
40.91,0.0021
40.90,0.0094
40.88,0.0052
40.87,0.0005
40.85,0.0006
40.82,0.0014
40.81,0.0019
40.78,0.0113
40.77,0.0080
40.75,0.0033
40.74,0.0050
40.73,0.0118
40.70,0.0105
40.69,0.0065
40.68,0.0033
40.65,0.0180
40.64,0.0100
40.62,0.0026
40.61,0.0120
40.58,0.0278
40.57,0.0093
40.56,0.0060
40.54,0.0034
40.53,0.0030
40.51,0.0110
40.49,0.0058
40.48,0.0033
40.45,0.0106
40.44,0.0034
40.43,0.0150
40.41,0.0081
40.40,0.0088
40.37,0.0005
40.37,0.0138
40.35,0.0100
40.34,0.0118
40.31,0.0186
40.30,0.0111
40.28,0.0075
40.26,0.0020
40.24,0.0019
40.23,0.0067
40.21,0.0027
40.18,0.0060
40.17,0.0065
40.15,0.0050
40.14,0.0033
40.12,0.0133
40.11,0.0099
40.08,0.0042
40.06,0.0077
40.05,0.0046
40.04,0.0041
40.01,0.0220
39.99,0.0028
39.98,0.0008
39.95,0.0055
39.92,0.0101
39.91,0.0120
39.90,0.0030
39.88,0.0016
39.84,0.0076
39.81,0.0030
39.81,0.0135
39.78,0.0086
39.76,0.0017
39.76,0.0032
39.74,0.0069
39.73,0.0079
39.70,0.0265
39.68,0.0041
39.68,0.0112
39.65,0.0143
39.63,0.0041
39.62,0.0240
39.60,0.0019
39.57,0.0035
39.56,0.0015
39.53,0.0087
39.53,0.0056
39.51,0.0000
39.50,0.0024
39.47,0.0015
39.46,0.0024
39.46,0.0013
39.45,0.0081
39.41,0.0018
39.38,0.0065
39.37,0.0110
39.35,0.0006
39.34,0.0023
39.32,0.0148
39.30,0.0019
39.30,0.0027
39.29,0.0023
39.27,0.0034
39.26,0.0056
39.24,0.0017
39.23,0.0048
39.19,0.0008
39.19,0.0055
39.17,0.0045
39.16,0.0127
39.12,0.0063
39.12,0.0009
39.10,0.0128
39.08,0.0043
39.07,0.0054
39.06,0.0086
39.04,0.0007
39.03,0.0024
39.01,0.0007
38.99,0.0023
38.97,0.0014
38.96,0.0001
38.95,0.0099
38.93,0.0035
38.89,0.0090
38.87,0.0137
38.86,0.0020
38.85,0.0186
38.84,0.0021
38.82,0.0190
38.79,0.0045
38.76,0.0024
38.74,0.0020
38.73,0.0015
38.70,0.0025
38.69,0.0003
38.67,0.0041
38.65,0.0008
38.64,0.0017
38.63,0.0115
38.63,0.0029
38.62,0.0112
38.57,0.0127
38.56,0.0087
38.55,0.0098
38.53,0.0184
38.52,0.0023
38.51,0.0094
38.48,0.0110
38.47,0.0040
38.45,0.0060
38.44,0.0178
38.43,0.0017
38.41,0.0024
38.39,0.0006
38.39,0.0044
38.37,0.0043
38.36,0.0039
38.34,0.0034
38.31,0.0026
38.31,0.0031
38.27,0.0045
38.25,0.0025
38.21,0.0094
38.21,0.0058
38.19,0.0056
38.18,0.0005
38.16,0.0012
38.15,0.0032
38.14,0.0146
38.12,0.0012
38.10,0.0010
38.07,0.0099
38.04,0.0004
38.04,0.0035
38.02,0.0119
38.02,0.0003
37.99,0.0035
37.96,0.0025
37.95,0.0020
37.93,0.0010
37.92,0.0014
37.88,0.0012
37.87,0.0032
37.84,0.0059
37.83,0.0039
37.82,0.0166
37.81,0.0059
37.79,0.0055
37.78,0.0082
37.76,0.0101
37.76,0.0045
37.75,0.0015
37.72,0.0017
37.70,0.0016
37.68,0.0039
37.67,0.0053
37.66,0.0037
37.62,0.0073
37.60,0.0107
37.58,0.0032
37.57,0.0011
37.55,0.0131
37.54,0.0002
37.53,0.0056
37.50,0.0189
37.49,0.0121
37.45,0.0023
37.44,0.0071
37.41,0.0118
37.40,0.0104
37.37,0.0022
37.35,0.0045
37.33,0.0019
37.30,0.0121
37.29,0.0027
37.27,0.0089
37.25,0.0042
37.22,0.0020
37.22,0.0023
37.21,0.0033
37.19,0.0108
37.18,0.0004
37.16,0.0042
37.15,0.0052
37.13,0.0142
37.12,0.0027
37.09,0.0058
37.08,0.0052
37.05,0.0062
37.04,0.0017
37.03,0.0043
37.01,0.0009
37.00,0.0019
36.98,0.0007
36.94,0.0043
36.92,0.0117
36.91,0.0015
36.89,0.0005
36.88,0.0136
36.85,0.0196
36.84,0.0061
36.81,0.0135
36.78,0.0021
36.78,0.0029
36.76,0.0048
36.74,0.0035
36.72,0.0060
36.72,0.0038
36.71,0.0038
36.66,0.0011
36.64,0.0052
36.63,0.0082
36.61,0.0014
36.60,0.0087
36.57,0.0179
36.57,0.0042
36.56,0.0020
36.56,0.0071
36.54,0.0051
36.51,0.0091
36.50,0.0025
36.48,0.0024
36.46,0.0012
36.44,0.0037
36.43,0.0015
36.42,0.0096
36.39,0.0062
36.38,0.0029
36.38,0.0041
36.33,0.0013
36.31,0.0051
36.27,0.0023
36.26,0.0053
36.24,0.0077
36.23,0.0127
36.23,0.0034
36.22,0.0066
36.20,0.0120
36.18,0.0060
36.18,0.0021
36.17,0.0048
36.15,0.0054
36.14,0.0049
36.12,0.0039
36.11,0.0039
36.11,0.0042
36.07,0.0008
36.06,0.0086
36.04,0.0076
36.01,0.0062
35.97,0.0035
35.95,0.0088
35.94,0.0220
35.92,0.0034
35.92,0.0034
35.90,0.0044
35.89,0.0260
35.88,0.0052
35.84,0.0087
35.83,0.0050
35.82,0.0094
35.82,0.0029
35.80,0.0076
35.78,0.0111
35.76,0.0062
35.76,0.0005
35.75,0.0005
35.73,0.0029
35.72,0.0086
35.71,0.0034
35.70,0.0030
35.67,0.0024
35.66,0.0003
35.65,0.0065
35.62,0.0052
35.61,0.0036
35.60,0.0053
35.57,0.0003
35.56,0.0013
35.53,0.0100
35.51,0.0037
35.47,0.0066
35.46,0.0006
35.44,0.0029
35.43,0.0261
35.41,0.0021
35.40,0.0050
35.39,0.0098
35.37,0.0007
35.36,0.0005
35.36,0.0027
35.34,0.0032
35.33,0.0022
35.31,0.0058
35.30,0.0017
35.27,0.0040
35.25,0.0028
35.23,0.0009
35.21,0.0024
35.18,0.0047
35.16,0.0013
35.16,0.0048
35.12,0.0037
35.11,0.0005
35.10,0.0023
35.07,0.0038
35.05,0.0015
35.03,0.0015
35.01,0.0017
35.00,0.0012
34.99,0.0008
34.98,0.0188
34.97,0.0035
34.93,0.0124
34.92,0.0105
34.90,0.0078
34.89,0.0030
34.88,0.0054
34.87,0.0021
34.86,0.0039
34.84,0.0009
34.82,0.0116
34.79,0.0018
34.77,0.0052
34.77,0.0025
34.76,0.0024
34.74,0.0014
34.73,0.0049
34.72,0.0022
34.70,0.0017
34.68,0.0024
34.68,0.0011
34.66,0.0100
34.63,0.0041
34.62,0.0025
34.61,0.0032
34.57,0.0053
34.55,0.0186
34.53,0.0077
34.53,0.0005
34.53,0.0040
34.50,0.0051
34.49,0.0152
34.48,0.0079
34.46,0.0023
34.42,0.0037
34.41,0.0058
34.41,0.0043
34.39,0.0040
34.38,0.0136
34.36,0.0008
34.35,0.0063
34.35,0.0026
34.33,0.0052
34.31,0.0087
34.31,0.0064
34.30,0.0083
34.28,0.0034
34.25,0.0050
34.25,0.0108
34.23,0.0073
34.21,0.0051
34.20,0.0020
34.18,0.0058
34.16,0.0092
34.13,0.0009
34.13,0.0025
34.11,0.0092
34.10,0.0032
34.09,0.0035
34.09,0.0143
34.07,0.0035
34.05,0.0058
34.04,0.0006
34.03,0.0004
34.01,0.0095
34.01,0.0089
34.00,0.0043
33.97,0.0035
33.96,0.0014
33.93,0.0028
33.92,0.0012
33.92,0.0035
33.88,0.0054
33.88,0.0042
33.85,0.0027
33.85,0.0014
33.84,0.0028
33.82,0.0148
33.80,0.0015
33.80,0.0003
33.77,0.0022
33.75,0.0029
33.75,0.0039
33.73,0.0020
33.71,0.0059
33.71,0.0089
33.68,0.0049
33.65,0.0027
33.64,0.0072
33.63,0.0013
33.61,0.0155
33.60,0.0122
33.59,0.0040
33.58,0.0050
33.56,0.0044
33.53,0.0012
33.52,0.0033
33.51,0.0062
33.50,0.0035
33.48,0.0016
33.47,0.0025
33.45,0.0017
33.44,0.0003
33.42,0.0153
33.40,0.0028
33.37,0.0007
33.36,0.0006
33.35,0.0006
33.34,0.0024
33.33,0.0046
33.31,0.0016
33.29,0.0145
33.26,0.0007
33.25,0.0007
33.23,0.0015
33.22,0.0049
33.20,0.0027
33.20,0.0033
33.18,0.0001
33.17,0.0010
33.17,0.0007
33.15,0.0020
33.13,0.0088
33.12,0.0010
33.11,0.0099
33.10,0.0051
33.08,0.0023
33.07,0.0117
33.05,0.0009
33.05,0.0011
33.03,0.0010
33.03,0.0015
33.01,0.0048
32.99,0.0028
32.98,0.0002
32.97,0.0036
32.96,0.0081
32.94,0.0016
32.93,0.0046
32.89,0.0022
32.88,0.0019
32.87,0.0085
32.85,0.0043
32.84,0.0010
32.83,0.0077
32.82,0.0008
32.81,0.0030
32.80,0.0036
32.79,0.0026
32.78,0.0111
32.76,0.0010
32.75,0.0004
32.73,0.0038
32.72,0.0032
32.71,0.0087
32.71,0.0014
32.69,0.0048
32.69,0.0013
32.66,0.0010
32.65,0.0013
32.63,0.0121
32.61,0.0018
32.60,0.0111
32.57,0.0011
32.56,0.0064
32.55,0.0036
32.53,0.0087
32.52,0.0028
32.52,0.0022
32.51,0.0052
32.50,0.0051
32.49,0.0038
32.47,0.0045
32.46,0.0045
32.46,0.0044
32.44,0.0012
32.42,0.0006
32.41,0.0030
32.39,0.0020
32.37,0.0027
32.36,0.0032
32.35,0.0015
32.34,0.0003
32.33,0.0017
32.32,0.0044
32.30,0.0048
32.28,0.0092
32.26,0.0064
32.24,0.0036
32.22,0.0002
32.22,0.0056
32.19,0.0038
32.18,0.0052
32.17,0.0035
32.15,0.0063
32.14,0.0020
32.13,0.0033
32.12,0.0011
32.11,0.0040
32.09,0.0051
32.08,0.0050
32.07,0.0007
32.06,0.0011
32.05,0.0004
32.05,0.0014
32.02,0.0005
32.00,0.0006
31.99,0.0015
31.98,0.0070
31.95,0.0012
31.93,0.0034
31.92,0.0021
31.92,0.0065
31.89,0.0028
31.88,0.0011
31.87,0.0008
31.87,0.0019
31.86,0.0046
31.83,0.0008
31.82,0.0014
31.78,0.0061
31.77,0.0007
31.76,0.0008
31.75,0.0039
31.72,0.0005
31.72,0.0017
31.69,0.0004
31.68,0.0019
31.66,0.0063
31.64,0.0059
31.63,0.0012
31.60,0.0023
31.58,0.0041
31.58,0.0101
31.55,0.0069
31.55,0.0069
31.53,0.0011
31.52,0.0013
31.50,0.0006
31.49,0.0063
31.48,0.0029
31.47,0.0035
31.47,0.0010
31.45,0.0034
31.42,0.0008
31.41,0.0012
31.41,0.0026
31.39,0.0010
31.38,0.0031
31.37,0.0014
31.34,0.0032
31.34,0.0033
31.31,0.0020
31.29,0.0070
31.27,0.0025
31.26,0.0002
31.25,0.0055
31.24,0.0036
31.23,0.0012
31.22,0.0050
31.19,0.0044
31.19,0.0048
31.17,0.0010
31.15,0.0021
31.13,0.0060
31.13,0.0046
31.11,0.0145
31.10,0.0036
31.08,0.0016
31.07,0.0031
31.05,0.0009
31.05,0.0015
31.02,0.0069
31.00,0.0033
30.98,0.0006
30.98,0.0099
30.97,0.0027
30.96,0.0062
30.94,0.0076
30.93,0.0059
30.92,0.0094
30.91,0.0036
30.89,0.0015
30.89,0.0015
30.87,0.0026
30.86,0.0064
30.85,0.0161
30.84,0.0039
30.83,0.0066
30.82,0.0009
30.80,0.0033
30.79,0.0015
30.77,0.0029
30.76,0.0021
30.74,0.0025
30.74,0.0135
30.72,0.0072
30.70,0.0032
30.70,0.0010
30.69,0.0010
30.68,0.0025
30.67,0.0008
30.65,0.0015
30.64,0.0072
30.62,0.0032
30.61,0.0062
30.59,0.0067
30.58,0.0034
30.56,0.0005
30.55,0.0001
30.54,0.0094
30.52,0.0022
30.51,0.0033
30.49,0.0048
30.47,0.0132
30.46,0.0139
30.45,0.0040
30.43,0.0008
30.42,0.0014
30.40,0.0079
30.39,0.0029
30.36,0.0027
30.34,0.0011
30.33,0.0023
30.32,0.0013
30.31,0.0077
30.30,0.0043
30.28,0.0027
30.27,0.0053
30.25,0.0026
30.24,0.0049
30.23,0.0012
30.21,0.0036
30.20,0.0006
30.18,0.0022
30.17,0.0025
30.14,0.0053
30.13,0.0004
30.12,0.0013
30.11,0.0080
30.11,0.0090
30.09,0.0028
30.09,0.0144
30.08,0.0042
30.06,0.0043
30.05,0.0008
30.02,0.0051
29.99,0.0012
29.97,0.0012
29.96,0.0028
29.95,0.0102
29.94,0.0073
29.93,0.0033
29.91,0.0058
29.90,0.0053
29.88,0.0013
29.87,0.0012
29.86,0.0064
29.85,0.0103
29.83,0.0008
29.83,0.0049
29.82,0.0052
29.81,0.0004
29.79,0.0001
29.79,0.0012
29.75,0.0002
29.74,0.0074
29.72,0.0018
29.70,0.0070
29.68,0.0038
29.68,0.0011
29.67,0.0104
29.65,0.0042
29.64,0.0036
29.62,0.0007
29.62,0.0010
29.61,0.0052
29.59,0.0021
29.56,0.0024
29.55,0.0038
29.53,0.0038
29.52,0.0075
29.52,0.0014
29.49,0.0037
29.48,0.0022
29.46,0.0006
29.45,0.0032
29.43,0.0029
29.42,0.0025
29.40,0.0040
29.38,0.0025
29.37,0.0038
29.35,0.0059
29.35,0.0067
29.33,0.0008
29.32,0.0039
29.30,0.0028
29.30,0.0092
29.29,0.0007
29.27,0.0028
29.25,0.0051
29.24,0.0067
29.23,0.0020
29.22,0.0034
29.21,0.0057
29.19,0.0020
29.19,0.0028
29.17,0.0002
29.16,0.0066
29.15,0.0017
29.11,0.0028
29.11,0.0040
29.09,0.0060
29.07,0.0005
29.05,0.0061
29.04,0.0160
29.01,0.0005
29.01,0.0013
29.00,0.0007
28.99,0.0001
28.97,0.0054
28.96,0.0119
28.95,0.0035
28.93,0.0106
28.92,0.0205
28.91,0.0055
28.89,0.0014
28.86,0.0164
28.85,0.0029
28.84,0.0087
28.82,0.0067
28.80,0.0025
28.78,0.0025
28.78,0.0065
28.76,0.0061
28.74,0.0055
28.73,0.0037
28.71,0.0006
28.68,0.0010
28.67,0.0005
28.66,0.0025
28.66,0.0031
28.65,0.0004
28.64,0.0018
28.62,0.0039
28.60,0.0010
28.59,0.0105
28.57,0.0029
28.55,0.0092
28.55,0.0013
28.53,0.0059
28.51,0.0020
28.49,0.0111
28.49,0.0058
28.47,0.0009
28.46,0.0052
28.45,0.0043
28.44,0.0023
28.42,0.0023
28.40,0.0020
28.40,0.0004
28.39,0.0151
28.37,0.0011
28.35,0.0009
28.33,0.0046
28.32,0.0019
28.30,0.0141
28.29,0.0031
28.28,0.0051
28.27,0.0058
28.25,0.0072
28.24,0.0015
28.23,0.0032
28.21,0.0061
28.20,0.0043
28.18,0.0057
28.17,0.0066
28.16,0.0015
28.15,0.0040
28.15,0.0031
28.13,0.0083
28.12,0.0092
28.10,0.0050
28.09,0.0124
28.08,0.0020
28.06,0.0092
28.05,0.0026
28.04,0.0052
28.04,0.0090
28.03,0.0050
28.02,0.0107
28.01,0.0050
27.98,0.0017
27.96,0.0008
27.96,0.0039
27.94,0.0117
27.93,0.0014
27.91,0.0060
27.90,0.0028
27.89,0.0026
27.86,0.0188
27.84,0.0038
27.82,0.0071
27.80,0.0077
27.78,0.0207
27.78,0.0188
27.77,0.0033
27.76,0.0042
27.75,0.0007
27.74,0.0003
27.73,0.0049
27.71,0.0006
27.70,0.0230
27.68,0.0054
27.66,0.0045
27.65,0.0064
27.64,0.0053
27.61,0.0006
27.60,0.0121
27.59,0.0139
27.57,0.0012
27.56,0.0085
27.54,0.0041
27.51,0.0016
27.50,0.0044
27.49,0.0032
27.49,0.0068
27.48,0.0051
27.47,0.0013
27.45,0.0139
27.44,0.0091
27.44,0.0043
27.42,0.0097
27.42,0.0010
27.39,0.0031
27.39,0.0040
27.37,0.0041
27.37,0.0023
27.34,0.0119
27.33,0.0018
27.33,0.0141
27.32,0.0053
27.31,0.0088
27.30,0.0043
27.29,0.0054
27.28,0.0031
27.26,0.0052
27.24,0.0038
27.23,0.0048
27.22,0.0015
27.20,0.0037
27.18,0.0035
27.17,0.0014
27.15,0.0011
27.15,0.0036
27.12,0.0014
27.10,0.0096
27.10,0.0062
27.09,0.0029
27.07,0.0089
27.06,0.0042
27.04,0.0047
27.02,0.0054
27.00,0.0025
26.99,0.0155
26.98,0.0024
26.96,0.0029
26.94,0.0095
26.92,0.0047
26.91,0.0054
26.90,0.0111
26.88,0.0148
26.85,0.0156
26.84,0.0034
26.83,0.0208
26.82,0.0039
26.81,0.0084
26.80,0.0053
26.78,0.0082
26.77,0.0028
26.76,0.0018
26.75,0.0025
26.74,0.0300
26.73,0.0099
26.72,0.0009
26.71,0.0020
26.69,0.0074
26.68,0.0031
26.67,0.0040
26.66,0.0141
26.64,0.0019
26.63,0.0010
26.61,0.0041
26.59,0.0021
26.58,0.0129
26.58,0.0017
26.57,0.0016
26.56,0.0058
26.56,0.0075
26.51,0.0086
26.50,0.0034
26.49,0.0029
26.48,0.0001
26.47,0.0080
26.45,0.0071
26.44,0.0009
26.42,0.0123
26.42,0.0067
26.39,0.0093
26.37,0.0033
26.36,0.0235
26.33,0.0021
26.32,0.0015
26.30,0.0005
26.29,0.0035
26.28,0.0024
26.27,0.0009
26.27,0.0120
26.25,0.0029
26.24,0.0028
26.22,0.0005
26.20,0.0065
26.19,0.0028
26.19,0.0033
26.18,0.0185
26.18,0.0109
26.17,0.0047
26.15,0.0071
26.14,0.0003
26.13,0.0006
26.12,0.0226
26.11,0.0051
26.09,0.0055
26.08,0.0029
26.07,0.0033
26.06,0.0070
26.05,0.0059
26.03,0.0117
26.01,0.0101
26.00,0.0028
25.99,0.0037
25.97,0.0065
25.95,0.0047
25.95,0.0068
25.93,0.0109
25.92,0.0073
25.91,0.0030
25.90,0.0016
25.88,0.0062
25.87,0.0014
25.86,0.0035
25.85,0.0018
25.81,0.0090
25.81,0.0030
25.79,0.0017
25.78,0.0034
25.77,0.0055
25.76,0.0003
25.75,0.0009
25.74,0.0042
25.72,0.0002
25.71,0.0108
25.70,0.0093
25.68,0.0076
25.67,0.0118
25.65,0.0023
25.64,0.0073
25.63,0.0050
25.60,0.0074
25.59,0.0139
25.56,0.0071
25.55,0.0025
25.54,0.0109
25.51,0.0043
25.49,0.0025
25.46,0.0184
25.46,0.0011
25.44,0.0073
25.43,0.0060
25.40,0.0058
25.39,0.0076
25.39,0.0043
25.38,0.0002
25.36,0.0057
25.35,0.0172
25.34,0.0111
25.32,0.0021
25.31,0.0047
25.29,0.0083
25.28,0.0014
25.27,0.0045
25.25,0.0076
25.24,0.0056
25.24,0.0055
25.22,0.0094
25.22,0.0070
25.20,0.0085
25.17,0.0323
25.16,0.0089
25.15,0.0048
25.12,0.0109
25.10,0.0075
25.09,0.0057
25.08,0.0061
25.06,0.0029
25.04,0.0044
25.04,0.0012
25.03,0.0027
25.02,0.0025
24.99,0.0015
24.97,0.0072
24.97,0.0036
24.96,0.0049
24.94,0.0039
24.92,0.0023
24.91,0.0044
24.90,0.0074
24.89,0.0004
24.89,0.0062
24.87,0.0062
24.84,0.0022
24.83,0.0056
24.83,0.0026
24.83,0.0149
24.81,0.0077
24.79,0.0043
24.78,0.0025
24.76,0.0045
24.75,0.0037
24.73,0.0220
24.72,0.0055
24.71,0.0137
24.69,0.0184
24.67,0.0016
24.65,0.0008
24.63,0.0140
24.61,0.0093
24.60,0.0105
24.59,0.0218
24.58,0.0126
24.55,0.0096
24.54,0.0049
24.53,0.0016
24.52,0.0021
24.50,0.0123
24.48,0.0038
24.47,0.0044
24.47,0.0014
24.45,0.0042
24.43,0.0020
24.41,0.0105
24.39,0.0035
24.38,0.0033
24.36,0.0092
24.35,0.0131
24.33,0.0040
24.32,0.0074
24.31,0.0308
24.29,0.0050
24.27,0.0037
24.26,0.0035
24.23,0.0237
24.20,0.0051
24.19,0.0024
24.19,0.0033
24.16,0.0051
24.15,0.0082
24.15,0.0079
24.12,0.0019
24.12,0.0018
24.06,0.0032
24.04,0.0007
24.03,0.0044
24.01,0.0049
23.99,0.0055
23.98,0.0067
23.97,0.0176
23.96,0.0209
23.94,0.0119
23.91,0.0030
23.89,0.0100
23.87,0.0143
23.87,0.0132
23.84,0.0024
23.84,0.0060
23.82,0.0330
23.82,0.0222
23.80,0.0042
23.78,0.0035
23.78,0.0023
23.76,0.0127
23.74,0.0024
23.72,0.0009
23.71,0.0034
23.70,0.0167
23.68,0.0038
23.67,0.0094
23.66,0.0060
23.63,0.0207
23.61,0.0370
23.60,0.0059
23.59,0.0132
23.56,0.0024
23.55,0.0074
23.54,0.0055
23.53,0.0165
23.53,0.0087
23.51,0.0007
23.51,0.0017
23.49,0.0127
23.48,0.0025
23.47,0.0102
23.46,0.0030
23.46,0.0065
23.44,0.0051
23.43,0.0151
23.41,0.0120
23.39,0.0030
23.38,0.0048
23.36,0.0101
23.35,0.0039
23.34,0.0051
23.31,0.0212
23.30,0.0110
23.28,0.0137
23.26,0.0128
23.25,0.0012
23.24,0.0087
23.23,0.0041
23.19,0.0059
23.18,0.0310
23.15,0.0022
23.15,0.0040
23.13,0.0012
23.13,0.0180
23.12,0.0401
23.09,0.0432
23.08,0.0202
23.05,0.0122
23.04,0.0053
23.04,0.0126
23.02,0.0103
23.01,0.0021
23.01,0.0320
23.00,0.0063
22.96,0.0090
22.95,0.0056
22.94,0.0072
22.94,0.0028
22.92,0.0048
22.90,0.0120
22.89,0.0109
22.89,0.0035
22.87,0.0215
22.87,0.0087
22.87,0.0086
22.85,0.0013
22.85,0.0328
22.84,0.0127
22.82,0.0143
22.81,0.0276
22.80,0.0200
22.78,0.0080
22.76,0.0143
22.74,0.0022
22.73,0.0164
22.72,0.0221
22.69,0.0040
22.69,0.0096
22.68,0.0003
22.66,0.0028
22.65,0.0001
22.64,0.0050
22.64,0.0133
22.62,0.0225
22.62,0.0022
22.60,0.0138
22.60,0.0320
22.59,0.0111
22.58,0.0592
22.56,0.0108
22.56,0.0117
22.54,0.0220
22.52,0.0141
22.51,0.0318
22.50,0.0134
22.49,0.0071
22.48,0.0371
22.48,0.0217
22.47,0.0194
22.46,0.0487
22.44,0.0082
22.44,0.0088
22.41,0.0203
22.41,0.0040
22.40,0.0187
22.40,0.0005
22.38,0.0056
22.37,0.0017
22.36,0.0153
22.35,0.0052
22.34,0.0213
22.33,0.0025
22.32,0.0009
22.31,0.0009
22.30,0.0256
22.29,0.0147
22.28,0.0051
22.28,0.0198
22.26,0.0038
22.25,0.0056
22.24,0.0362
22.23,0.0312
22.22,0.0158
22.21,0.0064
22.21,0.0397
22.20,0.0078
22.19,0.0042
22.18,0.0083
22.17,0.0108
22.14,0.0005
22.14,0.0074
22.12,0.0452
22.11,0.0184
22.10,0.0143
22.09,0.0146
22.08,0.0079
22.07,0.0046
22.06,0.0195
22.05,0.0038
22.04,0.0033
22.03,0.0070
22.02,0.0144
22.00,0.0092
21.99,0.0197
21.99,0.0229
21.98,0.0025
21.97,0.0072
21.96,0.0081
21.95,0.0303
21.94,0.0046
21.93,0.0058
21.92,0.0124
21.90,0.0153
21.89,0.0134
21.89,0.0010
21.88,0.0106
21.87,0.0224
21.86,0.0106
21.85,0.0045
21.83,0.0014
21.82,0.0074
21.81,0.0188
21.80,0.0027
21.80,0.0028
21.80,0.0039
21.79,0.0035
21.78,0.0005
21.77,0.0091
21.76,0.0125
21.75,0.0138
21.73,0.0006
21.72,0.0163
21.71,0.0056
21.70,0.0040
21.70,0.0019
21.69,0.0064
21.69,0.0090
21.67,0.0018
21.66,0.0144
21.66,0.0095
21.64,0.0021
21.63,0.0028
21.61,0.0161
21.60,0.0052
21.60,0.0050
21.58,0.0108
21.58,0.0068
21.56,0.0090
21.55,0.0114
21.55,0.0216
21.54,0.0041
21.52,0.0027
21.51,0.0108
21.50,0.0258
21.48,0.0042
21.48,0.0008
21.46,0.0043
21.44,0.0099
21.43,0.0124
21.43,0.0060
21.42,0.0016
21.40,0.0031
21.40,0.0035
21.39,0.0016
21.38,0.0098
21.38,0.0063
21.36,0.0006
21.36,0.0017
21.35,0.0091
21.33,0.0222
21.33,0.0102
21.33,0.0059
21.32,0.0025
21.30,0.0041
21.29,0.0014
21.29,0.0078
21.28,0.0115
21.26,0.0053
21.26,0.0011
21.24,0.0025
21.23,0.0117
21.22,0.0003
21.20,0.0012
21.20,0.0158
21.19,0.0172
21.19,0.0048
21.17,0.0050
21.17,0.0098
21.16,0.0003
21.15,0.0085
21.14,0.0094
21.12,0.0035
21.12,0.0032
21.09,0.0068
21.08,0.0079
21.07,0.0087
21.06,0.0353
21.06,0.0037
21.05,0.0013
21.04,0.0072
21.03,0.0100
21.03,0.0038
21.02,0.0017
21.00,0.0107
21.00,0.0210
20.99,0.0024
20.98,0.0113
20.98,0.0009
20.97,0.0014
20.96,0.0001
20.95,0.0043
20.94,0.0024
20.93,0.0010
20.92,0.0061
20.92,0.0068
20.91,0.0035
20.91,0.0139
20.89,0.0006
20.88,0.0009
20.88,0.0014
20.87,0.0031
20.87,0.0054
20.86,0.0028
20.85,0.0111
20.84,0.0021
20.83,0.0280
20.82,0.0053
20.81,0.0035
20.80,0.0015
20.79,0.0044
20.79,0.0057
20.77,0.0048
20.76,0.0018
20.75,0.0122
20.74,0.0040
20.72,0.0053
20.72,0.0146
20.71,0.0025
20.68,0.0206
20.68,0.0026
20.67,0.0058
20.66,0.0033
20.65,0.0088
20.63,0.0083
20.63,0.0084
20.62,0.0075
20.62,0.0049
20.61,0.0105
20.61,0.0009
20.59,0.0016
20.59,0.0027
20.58,0.0041
20.57,0.0027
20.56,0.0047
20.55,0.0023
20.54,0.0030
20.52,0.0038
20.51,0.0021
20.49,0.0012
20.48,0.0028
20.48,0.0070
20.47,0.0064
20.46,0.0014
20.45,0.0022
20.44,0.0011
20.43,0.0009
20.42,0.0096
20.40,0.0101
20.40,0.0005
20.39,0.0044
20.38,0.0033
20.38,0.0022
20.37,0.0020
20.36,0.0040
20.36,0.0042
20.35,0.0010
20.35,0.0054
20.34,0.0091
20.32,0.0027
20.31,0.0053
20.30,0.0061
20.29,0.0015
20.28,0.0041
20.27,0.0050
20.27,0.0020
20.26,0.0027
20.24,0.0058
20.23,0.0064
20.23,0.0034
20.22,0.0135
20.21,0.0058
20.20,0.0174
20.18,0.0017
20.17,0.0002
20.16,0.0002
20.15,0.0147
20.14,0.0041
20.14,0.0086
20.12,0.0082
20.12,0.0067
20.11,0.0139
20.10,0.0066
20.09,0.0007
20.09,0.0106
20.08,0.0005
20.07,0.0045
20.07,0.0064
20.05,0.0076
20.05,0.0054
20.04,0.0010
20.03,0.0148
20.02,0.0078
20.02,0.0091
20.02,0.0016
20.01,0.0048
20.00,0.0086
19.99,0.0016
19.99,0.0027
19.98,0.0046
19.97,0.0014
19.96,0.0030
19.95,0.0059
19.94,0.0027
19.93,0.0118
19.93,0.0039
19.91,0.0119
19.91,0.0107
19.90,0.0003
19.90,0.0016
19.89,0.0065
19.88,0.0124
19.88,0.0040
19.87,0.0003
19.86,0.0004
19.86,0.0030
19.85,0.0010
19.84,0.0015
19.83,0.0016
19.82,0.0038
19.81,0.0019
19.80,0.0121
19.80,0.0037
19.79,0.0040
19.78,0.0030
19.77,0.0059
19.76,0.0015
19.76,0.0058
19.74,0.0106
19.73,0.0079
19.72,0.0046
19.72,0.0039
19.72,0.0003
19.71,0.0081
19.70,0.0034
19.69,0.0022
19.68,0.0015
19.68,0.0013
19.67,0.0003
19.66,0.0040
19.65,0.0094
19.65,0.0021
19.63,0.0012
19.63,0.0017
19.63,0.0022
19.62,0.0031
19.61,0.0022
19.60,0.0012
19.60,0.0063
19.59,0.0023
19.58,0.0045
19.57,0.0037
19.56,0.0070
19.55,0.0054
19.54,0.0058
19.53,0.0006
19.52,0.0006
19.52,0.0012
19.51,0.0036
19.50,0.0080
19.50,0.0041
19.49,0.0018
19.48,0.0018
19.47,0.0012
19.46,0.0068
19.46,0.0005
19.45,0.0087
19.44,0.0171
19.44,0.0012
19.43,0.0007
19.42,0.0031
19.41,0.0006
19.40,0.0058
19.39,0.0023
19.38,0.0004
19.37,0.0026
19.37,0.0058
19.36,0.0007
19.35,0.0075
19.35,0.0032
19.34,0.0029
19.34,0.0031
19.32,0.0054
19.31,0.0018
19.30,0.0075
19.30,0.0078
19.29,0.0009
19.28,0.0050
19.27,0.0057
19.27,0.0010
19.26,0.0002
19.26,0.0023
19.24,0.0029
19.24,0.0050
19.24,0.0084
19.23,0.0006
19.22,0.0089
19.20,0.0007
19.20,0.0030
19.19,0.0017
19.18,0.0018
19.17,0.0025
19.17,0.0039
19.16,0.0020
19.15,0.0015
19.15,0.0011
19.14,0.0005
19.13,0.0047
19.13,0.0018
19.12,0.0020
19.11,0.0077
19.11,0.0029
19.10,0.0004
19.09,0.0025
19.09,0.0009
19.08,0.0014
19.07,0.0046
19.07,0.0003
19.07,0.0065
19.06,0.0039
19.05,0.0025
19.04,0.0043
19.04,0.0054
19.03,0.0005
19.02,0.0005
19.02,0.0003
19.02,0.0028
19.01,0.0003
19.00,0.0007
19.00,0.0043
18.98,0.0016
18.97,0.0063
18.96,0.0084
18.95,0.0026
18.95,0.0005
18.94,0.0008
18.94,0.0016
18.93,0.0016
18.93,0.0071
18.92,0.0064
18.91,0.0052
18.91,0.0018
18.90,0.0037
18.89,0.0055
18.89,0.0021
18.88,0.0086
18.88,0.0031
18.87,0.0033
18.86,0.0007
18.86,0.0022
18.85,0.0034
18.84,0.0012
18.83,0.0024
18.82,0.0030
18.82,0.0015
18.81,0.0045
18.80,0.0034
18.80,0.0026
18.79,0.0016
18.78,0.0009
18.78,0.0015
18.76,0.0080
18.76,0.0018
18.75,0.0026
18.74,0.0006
18.74,0.0045
18.73,0.0011
18.73,0.0022
18.72,0.0005
18.72,0.0065
18.71,0.0017
18.71,0.0132
18.70,0.0017
18.70,0.0012
18.68,0.0023
18.68,0.0096
18.67,0.0007
18.66,0.0106
18.65,0.0041
18.65,0.0053
18.64,0.0036
18.64,0.0013
18.63,0.0032
18.62,0.0078
18.62,0.0005
18.61,0.0033
18.60,0.0008
18.59,0.0093
18.59,0.0042
18.58,0.0000
18.58,0.0020
18.57,0.0055
18.57,0.0010
18.56,0.0034
18.56,0.0036
18.55,0.0040
18.54,0.0058
18.54,0.0001
18.53,0.0030
18.53,0.0023
18.52,0.0005
18.51,0.0059
18.51,0.0028
18.50,0.0019
18.50,0.0025
18.49,0.0075
18.48,0.0018
18.47,0.0002
18.47,0.0048
18.46,0.0041
18.46,0.0047
18.45,0.0010
18.44,0.0015
18.44,0.0039
18.43,0.0043
18.43,0.0018
18.42,0.0051
18.41,0.0014
18.41,0.0017
18.40,0.0034
18.40,0.0024
18.39,0.0011
18.38,0.0065
18.37,0.0004
18.36,0.0013
18.36,0.0058
18.35,0.0011
18.35,0.0000
18.35,0.0049
18.34,0.0043
18.34,0.0034
18.33,0.0037
18.32,0.0047
18.32,0.0022
18.30,0.0008
18.29,0.0014
18.28,0.0018
18.27,0.0047
18.27,0.0013
18.27,0.0026
18.26,0.0022
18.25,0.0021
18.24,0.0022
18.24,0.0007
18.23,0.0004
18.23,0.0050
18.21,0.0017
18.20,0.0020
18.20,0.0068
18.19,0.0014
18.18,0.0015
18.18,0.0021
18.17,0.0022
18.16,0.0045
18.16,0.0012
18.15,0.0047
18.15,0.0069
18.14,0.0039
18.14,0.0036
18.14,0.0002
18.13,0.0015
18.12,0.0001
18.11,0.0008
18.10,0.0191
18.10,0.0018
18.09,0.0006
18.09,0.0019
18.08,0.0012
18.08,0.0034
18.07,0.0005
18.06,0.0020
18.05,0.0039
18.04,0.0022
18.03,0.0100
18.03,0.0003
18.02,0.0059
18.01,0.0011
18.01,0.0025
18.00,0.0019
18.00,0.0030
17.99,0.0010
17.98,0.0006
17.97,0.0034
17.97,0.0022
17.97,0.0004
17.96,0.0029
17.96,0.0020
17.95,0.0050
17.95,0.0044
17.94,0.0138
17.93,0.0023
17.92,0.0029
17.92,0.0002
17.91,0.0022
17.91,0.0060
17.90,0.0028
17.89,0.0003
17.89,0.0030
17.88,0.0037
17.88,0.0020
17.87,0.0015
17.86,0.0013
17.86,0.0011
17.86,0.0016
17.85,0.0015
17.85,0.0042
17.84,0.0076
17.84,0.0038
17.84,0.0047
17.83,0.0052
17.82,0.0016
17.81,0.0028
17.80,0.0013
17.80,0.0034
17.79,0.0017
17.78,0.0043
17.77,0.0051
17.77,0.0006
17.76,0.0014
17.75,0.0012
17.75,0.0012
17.73,0.0026
17.73,0.0000
17.73,0.0046
17.72,0.0009
17.72,0.0030
17.71,0.0020
17.70,0.0015
17.70,0.0017
17.69,0.0038
17.68,0.0037
17.68,0.0007
17.67,0.0055
17.67,0.0017
17.65,0.0013
17.65,0.0013
17.64,0.0006
17.63,0.0007
17.62,0.0009
17.62,0.0028
17.61,0.0029
17.61,0.0014
17.60,0.0030
17.60,0.0019
17.59,0.0005
17.58,0.0016
17.58,0.0019
17.57,0.0017
17.56,0.0004
17.55,0.0001
17.54,0.0054
17.54,0.0028
17.53,0.0024
17.52,0.0339
17.52,0.0016
17.51,0.0093
17.51,0.0045
17.51,0.0006
17.50,0.0009
17.49,0.0019
17.48,0.0012
17.48,0.0002
17.47,0.0008
17.46,0.0004
17.45,0.0016
17.44,0.0033
17.44,0.0047
17.43,0.0032
17.43,0.0043
17.42,0.0025
17.42,0.0011
17.41,0.0025
17.39,0.0007
17.39,0.0002
17.38,0.0023
17.38,0.0005
17.37,0.0100
17.37,0.0093
17.36,0.0012
17.35,0.0021
17.35,0.0013
17.35,0.0013
17.34,0.0021
17.34,0.0123
17.33,0.0013
17.32,0.0043
17.32,0.0038
17.31,0.0048
17.30,0.0008
17.30,0.0010
17.29,0.0031
17.29,0.0106
17.28,0.0233
17.27,0.0009
17.26,0.0052
17.25,0.0049
17.25,0.0002
17.24,0.0041
17.24,0.0030
17.23,0.0034
17.23,0.0066
17.22,0.0016
17.21,0.0055
17.20,0.0013
17.20,0.0018
17.19,0.0008
17.18,0.0002
17.17,0.0009
17.16,0.0001
17.16,0.0023
17.15,0.0020
17.15,0.0080
17.14,0.0058
17.14,0.0001
17.13,0.0074
17.12,0.0001
17.11,0.0006
17.11,0.0004
17.11,0.0006
17.10,0.0016
17.09,0.0024
17.09,0.0004
17.08,0.0023
17.07,0.0013
17.07,0.0016
17.06,0.0009
17.05,0.0012
17.05,0.0050
17.04,0.0010
17.03,0.0025
17.03,0.0060
17.02,0.0023
17.02,0.0039
17.02,0.0044
17.00,0.0004
16.99,0.0023
16.99,0.0006
16.98,0.0016
16.97,0.0015
16.97,0.0002
16.96,0.0036
16.95,0.0031
16.94,0.0054
16.94,0.0002
16.93,0.0001
16.93,0.0002
16.92,0.0070
16.92,0.0044
16.91,0.0003
16.90,0.0038
16.90,0.0002
16.90,0.0024
16.89,0.0068
16.88,0.0027
16.88,0.0011
16.87,0.0016
16.87,0.0009
16.87,0.0031
16.86,0.0011
16.86,0.0070
16.85,0.0004
16.85,0.0021
16.84,0.0054
16.83,0.0027
16.83,0.0052
16.82,0.0197
16.82,0.0007
16.81,0.0035
16.80,0.0037
16.80,0.0090
16.79,0.0004
16.79,0.0005
16.78,0.0005
16.77,0.0031
16.76,0.0037
16.76,0.0043
16.75,0.0021
16.74,0.0029
16.73,0.0004
16.72,0.0002
16.72,0.0007
16.71,0.0003
16.71,0.0005
16.69,0.0022
16.68,0.0006
16.68,0.0017
16.68,0.0045
16.66,0.0027
16.66,0.0008
16.66,0.0013
16.65,0.0048
16.64,0.0006
16.64,0.0009
16.63,0.0020
16.63,0.0039
16.62,0.0019
16.61,0.0012
16.61,0.0005
16.60,0.0014
16.59,0.0028
16.59,0.0011
16.58,0.0014
16.58,0.0007
16.57,0.0009
16.56,0.0040
16.56,0.0016
16.55,0.0007
16.55,0.0038
16.54,0.0019
16.54,0.0072
16.53,0.0046
16.53,0.0009
16.52,0.0005
16.51,0.0017
16.51,0.0050
16.50,0.0015
16.50,0.0031
16.49,0.0043
16.48,0.0001
16.48,0.0008
16.48,0.0028
16.47,0.0025
16.46,0.0005
16.45,0.0012
16.45,0.0006
16.45,0.0035
16.44,0.0019
16.43,0.0011
16.43,0.0005
16.42,0.0010
16.42,0.0031
16.41,0.0002
16.40,0.0045
16.40,0.0013
16.39,0.0015
16.39,0.0019
16.38,0.0001
16.37,0.0013
16.37,0.0001
16.36,0.0015
16.35,0.0022
16.34,0.0015
16.34,0.0037
16.33,0.0027
16.32,0.0045
16.32,0.0004
16.31,0.0016
16.31,0.0024
16.30,0.0031
16.29,0.0058
16.29,0.0044
16.28,0.0037
16.28,0.0007
16.27,0.0072
16.27,0.0010
16.26,0.0008
16.26,0.0042
16.25,0.0014
16.24,0.0005
16.24,0.0045
16.23,0.0020
16.22,0.0046
16.21,0.0017
16.20,0.0022
16.20,0.0006
16.19,0.0023
16.19,0.0029
16.18,0.0037
16.18,0.0020
16.17,0.0008
16.17,0.0043
16.16,0.0016
16.15,0.0013
16.15,0.0033
16.15,0.0000
16.14,0.0035
16.13,0.0013
16.12,0.0053
16.11,0.0009
16.10,0.0009
16.09,0.0020
16.08,0.0011
16.08,0.0033
16.08,0.0007
16.07,0.0042
16.07,0.0011
16.06,0.0046
16.06,0.0002
16.05,0.0014
16.05,0.0060
16.04,0.0009
16.04,0.0007
16.03,0.0007
16.02,0.0025
16.02,0.0014
16.02,0.0001
16.01,0.0033
16.00,0.0012
16.00,0.0014
16.00,0.0020
15.99,0.0008
15.98,0.0013
15.98,0.0027
15.97,0.0011
15.97,0.0023
15.96,0.0031
15.95,0.0016
15.95,0.0029
15.94,0.0052
15.94,0.0026
15.93,0.0016
15.93,0.0004
15.92,0.0008
15.92,0.0096
15.91,0.0004
15.90,0.0029
15.90,0.0004
15.89,0.0009
15.89,0.0005
15.88,0.0011
15.87,0.0007
15.87,0.0012
15.86,0.0024
15.86,0.0021
15.86,0.0009
15.85,0.0030
15.83,0.0068
15.83,0.0029
15.83,0.0002
15.82,0.0010
15.81,0.0005
15.81,0.0011
15.81,0.0002
15.80,0.0028
15.79,0.0022
15.79,0.0098
15.79,0.0062
15.78,0.0049
15.78,0.0012
15.77,0.0031
15.77,0.0017
15.76,0.0064
15.76,0.0074
15.75,0.0016
15.74,0.0069
15.74,0.0019
15.74,0.0001
15.74,0.0002
15.73,0.0023
15.73,0.0026
15.71,0.0014
15.71,0.0007
15.70,0.0006
15.70,0.0019
15.70,0.0019
15.69,0.0049
15.69,0.0017
15.68,0.0012
15.67,0.0050
15.67,0.0034
15.66,0.0092
15.65,0.0032
15.64,0.0004
15.64,0.0009
15.64,0.0054
15.62,0.0036
15.62,0.0022
15.61,0.0009
15.60,0.0026
15.60,0.0021
15.60,0.0006
15.59,0.0013
15.58,0.0015
15.58,0.0003
15.56,0.0038
15.56,0.0027
15.55,0.0021
15.55,0.0021
15.54,0.0002
15.54,0.0016
15.54,0.0010
15.53,0.0003
15.53,0.0021
15.52,0.0001
15.51,0.0003
15.50,0.0035
15.50,0.0000
15.49,0.0025
15.49,0.0015
15.48,0.0005
15.47,0.0031
15.47,0.0013
15.46,0.0028
15.46,0.0049
15.46,0.0002
15.45,0.0037
15.44,0.0001
15.43,0.0016
15.42,0.0007
15.42,0.0011
15.41,0.0040
15.41,0.0001
15.41,0.0013
15.39,0.0018
15.39,0.0065
15.39,0.0040
15.38,0.0060
15.37,0.0031
15.37,0.0002
15.36,0.0022
15.36,0.0014
15.35,0.0057
15.35,0.0007
15.34,0.0003
15.34,0.0017
15.33,0.0006
15.33,0.0033
15.33,0.0011
15.31,0.0021
15.31,0.0030
15.30,0.0017
15.29,0.0045
15.29,0.0023
15.28,0.0028
15.27,0.0020
15.27,0.0007
15.27,0.0038
15.26,0.0042
15.26,0.0013
15.25,0.0026
15.24,0.0028
15.24,0.0004
15.23,0.0071
15.23,0.0032
15.22,0.0014
15.22,0.0033
15.22,0.0006
15.21,0.0022
15.21,0.0005
15.20,0.0011
15.19,0.0004
15.19,0.0017
15.18,0.0003
15.18,0.0036
15.17,0.0024
15.16,0.0032
15.16,0.0013
15.15,0.0020
15.14,0.0012
15.13,0.0031
15.13,0.0002
15.12,0.0042
15.12,0.0011
15.11,0.0040
15.11,0.0027
15.10,0.0009
15.09,0.0018
15.09,0.0017
15.08,0.0006
15.07,0.0015
15.06,0.0007
15.06,0.0015
15.05,0.0007
15.05,0.0009
15.04,0.0008
15.04,0.0005
15.04,0.0009
15.03,0.0018
15.03,0.0006
15.02,0.0046
15.01,0.0040
15.00,0.0027
14.99,0.0005
14.99,0.0009
14.99,0.0005
14.98,0.0006
14.98,0.0004
14.97,0.0034
14.96,0.0037
14.96,0.0000
14.95,0.0006
14.95,0.0013
14.94,0.0038
14.92,0.0019
14.92,0.0006
14.92,0.0013
14.91,0.0004
14.91,0.0009
14.90,0.0018
14.90,0.0011
14.89,0.0008
14.89,0.0008
14.88,0.0003
14.87,0.0027
14.87,0.0053
14.85,0.0007
14.85,0.0002
14.85,0.0016
14.85,0.0016
14.83,0.0034
14.83,0.0012
14.82,0.0003
14.82,0.0003
14.81,0.0020
14.80,0.0004
14.80,0.0008
14.79,0.0005
14.78,0.0005
14.78,0.0011
14.77,0.0038
14.77,0.0007
14.76,0.0009
14.76,0.0008
14.75,0.0043
14.75,0.0008
14.74,0.0017
14.74,0.0036
14.73,0.0033
14.73,0.0009
14.72,0.0011
14.71,0.0003
14.70,0.0004
14.70,0.0008
14.68,0.0007
14.68,0.0012
14.67,0.0021
14.66,0.0010
14.65,0.0011
14.65,0.0016
14.65,0.0020
14.64,0.0017
14.63,0.0005
14.61,0.0003
14.61,0.0024
14.60,0.0006
14.59,0.0037
14.59,0.0024
14.59,0.0004
14.58,0.0036
14.57,0.0014
14.57,0.0006
14.56,0.0004
14.55,0.0030
14.55,0.0004
14.54,0.0010
14.54,0.0046
14.53,0.0024
14.53,0.0002
14.52,0.0002
14.51,0.0006
14.51,0.0006
14.50,0.0012
14.50,0.0014
14.48,0.0000
14.48,0.0048
14.47,0.0009
14.46,0.0005
14.46,0.0026
14.46,0.0023
14.45,0.0002
14.45,0.0018
14.44,0.0023
14.43,0.0005
14.43,0.0004
14.43,0.0022
14.42,0.0002
14.41,0.0014
14.40,0.0014
14.40,0.0020
14.39,0.0013
14.38,0.0012
14.37,0.0034
14.36,0.0001
14.35,0.0035
14.34,0.0036
14.34,0.0001
14.33,0.0004
14.32,0.0006
14.32,0.0047
14.31,0.0005
14.31,0.0032
14.31,0.0002
14.30,0.0042
14.29,0.0002
14.29,0.0010
14.28,0.0006
14.27,0.0043
14.27,0.0040
14.27,0.0077
14.26,0.0077
14.25,0.0018
14.24,0.0012
14.23,0.0017
14.22,0.0038
14.22,0.0049
14.21,0.0004
14.20,0.0016
14.19,0.0003
14.18,0.0020
14.18,0.0095
14.17,0.0028
14.16,0.0054
14.16,0.0032
14.15,0.0021
14.15,0.0007
14.14,0.0014
14.14,0.0020
14.12,0.0010
14.10,0.0000
14.10,0.0005
14.09,0.0043
14.08,0.0108
14.08,0.0011
14.06,0.0069
14.05,0.0043
14.05,0.0026
14.03,0.0062
14.03,0.0047
14.02,0.0007
14.02,0.0034
14.00,0.0056
14.00,0.0007
14.00,0.0004
13.99,0.0065
13.98,0.0053
13.97,0.0039
13.96,0.0024
13.96,0.0014
13.96,0.0008
13.94,0.0018
13.94,0.0021
13.93,0.0036
13.93,0.0008
13.92,0.0011
13.91,0.0035
13.90,0.0021
13.90,0.0089
13.89,0.0032
13.89,0.0034
13.88,0.0077
13.88,0.0119
13.86,0.0154
13.85,0.0026
13.84,0.0003
13.84,0.0039
13.83,0.0012
13.82,0.0005
13.81,0.0055
13.80,0.0001
13.80,0.0107
13.80,0.0026
13.79,0.0109
13.79,0.0054
13.78,0.0022
13.77,0.0064
13.76,0.0403
13.76,0.0057
13.75,0.0107
13.75,0.0059
13.74,0.0022
13.73,0.0070
13.72,0.0014
13.71,0.0025
13.71,0.0024
13.71,0.0022
13.70,0.0044
13.69,0.0320
13.69,0.0045
13.68,0.0071
13.68,0.0040
13.67,0.0056
13.65,0.0062
13.65,0.0031
13.65,0.0061
13.64,0.0028
13.63,0.0010
13.62,0.0003
13.61,0.0011
13.60,0.0021
13.60,0.0029
13.59,0.0071
13.59,0.0087
13.58,0.0078
13.58,0.0005
13.57,0.0008
13.56,0.0023
13.56,0.0141
13.55,0.0011
13.54,0.0115
13.54,0.0030
13.53,0.0158
13.53,0.0048
13.53,0.0109
13.52,0.0008
13.52,0.0034
13.52,0.0019
13.51,0.0036
13.51,0.0002
13.50,0.0072
13.49,0.0018
13.48,0.0106
13.47,0.0041
13.47,0.0060
13.46,0.0071
13.46,0.0023
13.45,0.0164
13.45,0.0001
13.44,0.0001
13.44,0.0052
13.43,0.0114
13.42,0.0124
13.42,0.0006
13.41,0.0070
13.41,0.0017
13.40,0.0023
13.40,0.0215
13.39,0.0036
13.39,0.0120
13.38,0.0016
13.38,0.0008
13.37,0.0070
13.37,0.0187
13.36,0.0047
13.36,0.0097
13.36,0.0090
13.35,0.0332
13.34,0.0140
13.34,0.0037
13.33,0.0023
13.32,0.0054
13.32,0.0013
13.32,0.0171
13.31,0.0050
13.30,0.0026
13.30,0.0035
13.30,0.0054
13.29,0.0114
13.29,0.0009
13.28,0.0008
13.28,0.0016
13.27,0.0048
13.27,0.0116
13.27,0.0212
13.27,0.0161
13.26,0.0037
13.26,0.0017
13.25,0.0046
13.25,0.0061
13.24,0.0011
13.23,0.0127
13.22,0.0014
13.22,0.0028
13.21,0.0083
13.21,0.0156
13.20,0.0104
13.19,0.0008
13.19,0.0021
13.18,0.0083
13.18,0.0041
13.17,0.0040
13.17,0.0061
13.16,0.0016
13.16,0.0094
13.15,0.0122
13.15,0.0063
13.14,0.0084
13.13,0.0002
13.13,0.0024
13.12,0.0064
13.12,0.0015
13.11,0.0029
13.11,0.0067
13.10,0.0045
13.10,0.0073
13.09,0.0080
13.09,0.0032
13.08,0.0077
13.08,0.0043
13.08,0.0040
13.07,0.0013
13.07,0.0038
13.06,0.0075
13.06,0.0019
13.05,0.0055
13.05,0.0015
13.05,0.0085
13.04,0.0026
13.03,0.0038
13.03,0.0045
13.02,0.0028
13.02,0.0086
13.01,0.0061
13.00,0.0029
13.00,0.0021
13.00,0.0024
13.00,0.0004
12.99,0.0041
12.99,0.0031
12.98,0.0015
12.97,0.0031
12.97,0.0050
12.96,0.0054
12.95,0.0033
12.94,0.0098
12.94,0.0083
12.94,0.0010
12.93,0.0059
12.93,0.0027
12.92,0.0013
12.92,0.0067
12.91,0.0039
12.90,0.0001
12.90,0.0006
12.90,0.0067
12.89,0.0004
12.89,0.0034
12.88,0.0015
12.87,0.0006
12.87,0.0014
12.87,0.0140
12.86,0.0081
12.86,0.0082
12.86,0.0017
12.85,0.0045
12.85,0.0025
12.85,0.0027
12.84,0.0013
12.83,0.0015
12.83,0.0090
12.82,0.0005
12.82,0.0029
12.81,0.0045
12.81,0.0087
12.81,0.0062
12.81,0.0052
12.80,0.0018
12.79,0.0024
12.79,0.0024
12.78,0.0095
12.78,0.0002
12.77,0.0026
12.77,0.0039
12.76,0.0027
12.76,0.0054
12.75,0.0062
12.75,0.0119
12.75,0.0001
12.74,0.0057
12.73,0.0020
12.73,0.0046
12.72,0.0006
12.71,0.0018
12.71,0.0014
12.70,0.0025
12.70,0.0298
12.69,0.0098
12.68,0.0101
12.67,0.0036
12.67,0.0368
12.66,0.0051
12.65,0.0050
12.64,0.0104
12.64,0.0010
12.63,0.0048
12.62,0.0013
12.62,0.0010
12.61,0.0069
12.61,0.0008
12.60,0.0018
12.60,0.0040
12.60,0.0020
12.58,0.0098
12.58,0.0014
12.58,0.0011
12.58,0.0030
12.57,0.0010
12.56,0.0011
12.55,0.0010
12.55,0.0011
12.54,0.0015
12.54,0.0019
12.54,0.0015
12.53,0.0014
12.53,0.0010
12.52,0.0003
12.51,0.0013
12.51,0.0005
12.50,0.0022
12.50,0.0038
12.49,0.0004
12.49,0.0053
12.48,0.0003
12.48,0.0014
12.47,0.0006
12.45,0.0019
12.45,0.0012
12.45,0.0001
12.44,0.0024
12.44,0.0003
12.43,0.0001
12.42,0.0009
12.41,0.0017
12.41,0.0018
12.40,0.0019
12.39,0.0018
12.39,0.0007
12.38,0.0006
12.38,0.0022
12.37,0.0006
12.37,0.0021
12.36,0.0030
12.35,0.0043
12.34,0.0022
12.34,0.0017
12.33,0.0066
12.32,0.0001
12.31,0.0011
12.30,0.0065
12.29,0.0012
12.28,0.0016
12.27,0.0015
12.26,0.0051
12.25,0.0047
12.25,0.0019
12.24,0.0018
12.23,0.0008
12.22,0.0090
12.21,0.0101
12.19,0.0009
12.19,0.0014
12.18,0.0003
12.16,0.0022
12.15,0.0026
12.14,0.0128
12.13,0.0013
12.12,0.0036
12.11,0.0003
12.11,0.0213
12.10,0.0009
12.10,0.0113
12.09,0.0016
12.08,0.0367
12.07,0.0003
12.06,0.0146
12.05,0.0020
12.04,0.0112
12.03,0.0049
12.03,0.0049
12.01,0.0028
12.01,0.0009
12.01,0.0128
12.00,0.0236
11.98,0.0110
11.97,0.0030
11.96,0.0036
11.95,0.0352
11.92,0.0227
11.90,0.0441
11.90,0.0186
11.87,0.0012
11.87,0.0022
11.86,0.0008
11.85,0.0021
11.84,0.0007
11.83,0.0029
11.82,0.0042
11.81,0.0007
11.79,0.0097
11.78,0.0007
11.77,0.0001
11.76,0.0003
11.75,0.0005
11.73,0.0063
11.73,0.0007
11.72,0.0013
11.71,0.0016
11.69,0.0280
11.69,0.0014
11.67,0.0254
11.66,0.0014
11.66,0.0009
11.65,0.0023
11.64,0.0072
11.63,0.0009
11.62,0.0086
11.58,0.0018
11.57,0.0041
11.57,0.0061
11.55,0.0061
11.53,0.0036
11.53,0.0007
11.51,0.0061
11.49,0.0078
11.48,0.0130
11.46,0.0036
11.45,0.0039
11.44,0.0109
11.41,0.0072
11.40,0.0038
11.39,0.0480
11.39,0.0651
11.37,0.0025
11.37,0.0173
11.35,0.0042
11.35,0.0008
11.34,0.0118
11.33,0.0042
11.32,0.0070
11.31,0.0037
11.27,0.0030
11.26,0.0502
11.21,0.0004
11.19,0.0040
11.19,0.0005
11.16,0.0519
11.14,0.0071
11.13,0.0149
11.12,0.0076
11.11,0.0041
11.09,0.0252
11.08,0.0021
11.07,0.0035
11.02,0.0186
11.01,0.0016
10.98,0.0218
10.95,0.0076
10.91,0.0091
10.87,0.0012
10.86,0.0075
10.84,0.0012
10.83,0.0089
10.80,0.0011
10.75,0.0016
10.75,0.0008
10.72,0.0019
10.69,0.0001
10.68,0.0060
10.64,0.0125
10.61,0.0016
10.49,0.0000
10.42,0.0037
10.32,0.0006
10.20,0.0007
10.11,0.0010
10.08,0.0003
9.73,0.0005
