168.95,0.0087
163.58,0.0000
157.27,0.0033
157.05,0.0042
149.30,0.0116
144.76,0.0068
142.27,0.0092
141.65,0.0042
139.16,0.0395
138.15,0.0074
135.18,0.0349
133.38,0.0083
133.00,0.0191
132.79,0.0217
132.60,0.0437
130.90,0.0123
129.22,0.0230
128.48,0.0008
126.38,0.0138
125.56,0.0675
124.65,0.0137
123.71,0.2671
121.88,0.0511
121.74,0.0173
121.04,0.0818
120.12,0.0491
119.42,0.0049
118.85,0.0589
118.54,0.0141
117.64,0.0810
116.74,0.0802
116.35,0.0696
115.90,0.0816
115.83,0.0694
115.04,0.0082
114.54,0.0742
114.02,0.0119
113.47,0.0332
112.82,0.0368
112.62,0.0211
112.03,0.0216
111.66,0.0557
111.22,0.0297
111.01,0.0890
110.30,0.0190
110.22,0.0448
109.88,0.0468
109.33,0.0153
109.16,0.0049
108.66,0.1568
108.49,0.0278
107.83,0.0316
107.75,0.0714
107.56,0.0311
107.45,0.0407
106.51,0.0702
106.26,0.0417
106.12,0.0670
106.01,0.0112
105.72,0.0248
105.34,0.0103
105.20,0.0024
105.05,0.0733
104.57,0.0055
104.39,0.0168
103.97,0.0645
103.85,0.0111
103.39,0.0155
103.21,0.0119
103.01,0.0399
102.77,0.0203
102.70,0.0064
102.28,0.0395
102.06,0.0383
101.68,0.0045
101.56,0.0276
101.17,0.0167
100.73,0.0058
100.39,0.0175
100.29,0.0394
99.90,0.0444
99.64,0.0067
99.41,0.0221
98.79,0.0412
98.48,0.0104
98.44,0.0177
98.35,0.0266
98.19,0.0153
97.83,0.0133
97.52,0.0299
97.26,0.0016
96.78,0.0107
96.73,0.0156
96.55,0.0143
96.06,0.0187
95.91,0.0513
95.87,0.0035
95.62,0.0232
95.32,0.1167
94.99,0.0143
94.76,0.0235
94.54,0.0244
94.30,0.0173
94.14,0.0582
93.89,0.0568
93.71,0.0301
93.46,0.0297
93.15,0.0023
93.11,0.0256
92.96,0.0038
92.95,0.0076
92.55,0.0022
92.31,0.0461
92.16,0.0317
91.88,0.0284
91.82,0.0027
91.71,0.0144
91.59,0.0150
91.45,0.0026
91.21,0.0139
91.09,0.0194
90.93,0.0088
90.82,0.0042
90.51,0.0498
90.33,0.0164
90.20,0.0478
89.97,0.0896
89.86,0.0235
89.81,0.0167
89.68,0.0628
89.49,0.0074
89.46,0.0369
89.38,0.0402
89.08,0.0113
88.81,0.0082
88.56,0.0469
88.49,0.0079
88.42,0.0244
88.27,0.0073
88.12,0.0252
87.97,0.0764
87.79,0.0359
87.71,0.0009
87.54,0.0108
87.38,0.0092
87.27,0.0050
87.25,0.0000
87.15,0.0253
86.97,0.0241
86.86,0.0072
86.66,0.0239
86.62,0.0103
86.43,0.0112
86.27,0.0222
86.08,0.0019
86.01,0.0181
85.97,0.0194
85.83,0.0185
85.61,0.0018
85.52,0.0881
85.33,0.1062
85.23,0.0525
84.98,0.0171
84.91,0.0159
84.79,0.0418
84.61,0.0220
84.36,0.0316
84.22,0.0645
84.12,0.0496
84.07,0.0248
83.94,0.0367
83.77,0.0961
83.64,0.0593
83.54,0.0164
83.46,0.0642
83.26,0.0069
83.17,0.0193
83.15,0.0148
83.04,0.0424
82.82,0.0341
82.73,0.0306
82.57,0.0281
82.50,0.0061
82.31,0.0423
82.21,0.0178
81.97,0.0463
81.90,0.0336
81.77,0.0298
81.73,0.0448
81.56,0.0123
81.46,0.0240
81.29,0.0284
81.18,0.0125
81.08,0.0012
80.96,0.0172
80.91,0.0024
80.65,0.0301
80.55,0.0335
80.50,0.0567
80.34,0.0039
80.30,0.0571
80.13,0.0087
80.03,0.0061
79.87,0.0244
79.85,0.1330
79.77,0.0361
79.62,0.0423
79.40,0.0751
79.38,0.0249
79.32,0.0303
79.15,0.0170
79.09,0.0121
79.00,0.0145
78.74,0.0185
78.66,0.0710
78.55,0.0367
78.51,0.0590
78.27,0.0358
78.23,0.0117
78.09,0.0269
78.08,0.0347
78.01,0.0446
77.86,0.1857
77.71,0.0463
77.60,0.0219
77.54,0.0203
77.41,0.0571
77.35,0.0253
77.19,0.0069
77.09,0.0268
77.05,0.0620
76.93,0.0320
76.78,0.0229
76.60,0.0039
76.50,0.0305
76.48,0.1534
76.27,0.0281
76.21,0.0209
76.09,0.0003
76.02,0.0279
75.93,0.0337
75.86,0.0150
75.72,0.0384
75.58,0.0234
75.55,0.0367
75.50,0.0337
75.39,0.0228
75.35,0.0126
75.21,0.0111
75.17,0.0410
75.09,0.0375
75.04,0.0352
74.91,0.0238
74.79,0.0263
74.77,0.0225
74.75,0.0073
74.69,0.0368
74.56,0.0282
74.45,0.0207
74.34,0.0171
74.32,0.0214
74.26,0.0114
74.13,0.0153
74.01,0.0396
73.93,0.0321
73.86,0.0030
73.80,0.0259
73.71,0.0352
73.67,0.0464
73.60,0.0171
73.56,0.0142
73.40,0.0057
73.31,0.0019
73.29,0.0081
73.15,0.0262
73.09,0.0348
73.07,0.0044
73.01,0.0460
72.87,0.0102
72.84,0.0351
72.72,0.0327
72.64,0.0320
72.56,0.0085
72.44,0.0409
72.35,0.0226
72.18,0.0180
72.17,0.0197
72.13,0.0251
72.12,0.1320
71.99,0.0964
71.92,0.0086
71.87,0.0152
71.79,0.0564
71.69,0.0513
71.58,0.0829
71.57,0.0137
71.48,0.0266
71.45,0.0337
71.34,0.0422
71.25,0.0242
71.17,0.0359
71.12,0.0186
71.08,0.0357
71.03,0.0423
70.97,0.0232
70.91,0.0015
70.84,0.0206
70.72,0.0224
70.67,0.0152
70.58,0.0328
70.50,0.0246
70.43,0.0176
70.38,0.0185
70.33,0.0239
70.25,0.0749
70.20,0.0119
70.16,0.0522
69.97,0.0224
69.93,0.1255
69.85,0.1374
69.84,0.0160
69.73,0.0469
69.67,0.0660
69.63,0.0679
69.51,0.0516
69.47,0.0258
69.44,0.0345
69.35,0.0702
69.32,0.0628
69.23,0.0888
69.09,0.0035
68.98,0.0180
68.95,0.0040
68.87,0.0448
68.79,0.0513
68.75,0.0282
68.69,0.0141
68.64,0.0020
68.56,0.0186
68.51,0.0297
68.45,0.0153
68.35,0.0177
68.24,0.0072
68.20,0.0502
68.15,0.0562
68.10,0.0204
68.00,0.0093
67.92,0.0142
67.81,0.0109
67.78,0.0038
67.71,0.0100
67.65,0.0198
67.61,0.0056
67.49,0.0403
67.44,0.0301
67.40,0.0246
67.37,0.0168
67.29,0.0009
67.18,0.0061
67.16,0.0571
67.10,0.0218
67.03,0.0042
67.03,0.0648
66.95,0.0067
66.91,0.0184
66.85,0.0834
66.76,0.0118
66.69,0.0192
66.62,0.0003
66.55,0.0358
66.52,0.0151
66.50,0.0360
66.41,0.0056
66.36,0.0263
66.26,0.0487
66.22,0.0060
66.16,0.0016
66.14,0.0316
66.11,0.0043
66.04,0.0148
66.02,0.0127
65.91,0.0097
65.84,0.0117
65.80,0.0556
65.74,0.0191
65.67,0.0236
65.61,0.0135
65.54,0.0130
65.52,0.0086
65.49,0.0576
65.47,0.0164
65.31,0.0316
65.24,0.0049
65.23,0.0089
65.15,0.0596
65.10,0.0230
65.04,0.0279
65.01,0.0540
64.97,0.0118
64.89,0.0187
64.84,0.0112
64.73,0.0628
64.62,0.0018
64.61,0.0272
64.56,0.0089
64.54,0.0065
64.50,0.0029
64.45,0.0095
64.36,0.0135
64.29,0.0072
64.25,0.0100
64.18,0.0308
64.15,0.0677
64.13,0.0100
64.04,0.0126
64.01,0.0047
63.96,0.0230
63.88,0.0116
63.85,0.0104
63.84,0.0062
63.78,0.0473
63.75,0.0045
63.68,0.0217
63.66,0.0273
63.65,0.0124
63.53,0.0012
63.49,0.0243
63.46,0.0356
63.43,0.0125
63.35,0.0052
63.34,0.0075
63.22,0.0545
63.19,0.0032
63.15,0.0044
63.10,0.0229
63.04,0.0067
63.01,0.0106
63.00,0.0092
62.95,0.0364
62.85,0.0187
62.82,0.0047
62.80,0.0025
62.74,0.0235
62.71,0.0075
62.68,0.0047
62.58,0.0147
62.52,0.0110
62.47,0.0078
62.41,0.0245
62.41,0.0016
62.38,0.0041
62.31,0.0010
62.24,0.0416
62.21,0.0064
62.19,0.0064
62.16,0.0105
62.08,0.0024
62.05,0.0113
61.99,0.0035
61.93,0.0092
61.85,0.0067
61.80,0.0243
61.77,0.0126
61.71,0.0121
61.68,0.0104
61.66,0.0145
61.62,0.0252
61.53,0.0135
61.43,0.0030
61.42,0.0129
61.40,0.0264
61.34,0.0442
61.29,0.0085
61.25,0.0470
61.24,0.0221
61.16,0.0154
61.14,0.0227
61.08,0.0021
61.00,0.0788
60.97,0.0042
60.95,0.0101
60.91,0.0520
60.83,0.0087
60.76,0.0218
60.73,0.0259
60.69,0.0236
60.61,0.0320
60.56,0.0137
60.52,0.0198
60.45,0.0730
60.41,0.0005
60.37,0.0138
60.33,0.0023
60.31,0.0056
60.23,0.0355
60.20,0.0077
60.16,0.0376
60.15,0.0139
60.12,0.0375
60.03,0.0048
60.02,0.0174
59.94,0.0133
59.91,0.0041
59.87,0.0310
59.84,0.0113
59.78,0.0141
59.76,0.0656
59.71,0.0268
59.70,0.0219
59.67,0.0113
59.66,0.0037
59.58,0.0170
59.53,0.0200
59.49,0.0242
59.40,0.0298
59.38,0.0373
59.35,0.0120
59.32,0.0002
59.27,0.0147
59.24,0.0039
59.20,0.0057
59.13,0.0180
59.10,0.0175
59.09,0.0099
59.01,0.0063
59.00,0.0200
58.93,0.0140
58.91,0.0056
58.90,0.0223
58.87,0.0188
58.82,0.0032
58.78,0.0099
58.76,0.0213
58.73,0.0030
58.66,0.0029
58.54,0.0148
58.53,0.0181
58.47,0.0031
58.40,0.0014
58.38,0.0185
58.35,0.0106
58.28,0.0019
58.25,0.0014
58.21,0.0049
58.18,0.0089
58.14,0.0200
58.11,0.0090
58.11,0.0271
58.05,0.0004
58.00,0.0217
57.95,0.0109
57.92,0.0016
57.87,0.0196
57.85,0.0432
57.83,0.0173
57.78,0.0253
57.77,0.0426
57.73,0.0479
57.67,0.0389
57.59,0.0036
57.58,0.0051
57.54,0.0061
57.49,0.0046
57.48,0.0100
57.42,0.0151
57.39,0.0170
57.38,0.0271
57.33,0.0124
57.29,0.0052
57.25,0.0044
57.19,0.0467
57.15,0.0927
57.14,0.0227
57.08,0.0117
57.06,0.0121
57.02,0.0148
56.95,0.0036
56.91,0.0115
56.89,0.0472
56.84,0.0571
56.78,0.0055
56.76,0.0168
56.73,0.0255
56.71,0.0188
56.64,0.0148
56.62,0.0010
56.56,0.0232
56.51,0.0238
56.49,0.0078
56.45,0.0073
56.39,0.0214
56.35,0.0243
56.34,0.0125
56.32,0.0497
56.27,0.0201
56.22,0.0115
56.19,0.0042
56.15,0.0132
56.13,0.0414
56.10,0.0194
56.05,0.0192
56.04,0.0122
56.02,0.0101
56.00,0.0123
55.94,0.0122
55.94,0.0190
55.89,0.0199
55.83,0.0175
55.82,0.0064
55.79,0.0155
55.77,0.0229
55.76,0.0109
55.71,0.0009
55.66,0.0259
55.60,0.0021
55.58,0.0516
55.54,0.0026
55.50,0.0255
55.48,0.0069
55.43,0.0055
55.36,0.0012
55.31,0.0065
55.31,0.0072
55.26,0.0408
55.19,0.0084
55.16,0.0069
55.13,0.0166
55.10,0.0078
55.05,0.0197
55.03,0.0323
55.01,0.0053
54.96,0.0183
54.95,0.0146
54.91,0.0139
54.88,0.0200
54.86,0.0196
54.81,0.0136
54.76,0.0150
54.74,0.0088
54.71,0.0076
54.65,0.0109
54.64,0.0097
54.61,0.0037
54.56,0.0142
54.53,0.0049
54.48,0.0537
54.48,0.0297
54.43,0.0252
54.42,0.0083
54.37,0.0312
54.36,0.0094
54.35,0.0103
54.29,0.0023
54.23,0.0435
54.21,0.0202
54.19,0.0022
54.14,0.0257
54.05,0.0115
54.04,0.0080
54.03,0.0076
53.99,0.0104
53.98,0.0201
53.95,0.0029
53.91,0.0007
53.88,0.0038
53.85,0.0243
53.85,0.0236
53.82,0.0104
53.77,0.0061
53.75,0.0003
53.69,0.0199
53.67,0.0038
53.65,0.0070
53.62,0.0065
53.58,0.0348
53.53,0.0029
53.50,0.0507
53.49,0.0109
53.44,0.0298
53.41,0.0070
53.39,0.0082
53.34,0.0061
53.30,0.0035
53.25,0.0402
53.23,0.0043
53.20,0.0037
53.17,0.0020
53.14,0.0237
53.13,0.0133
53.10,0.0064
53.07,0.0068
53.06,0.0223
53.04,0.0325
53.01,0.0112
52.96,0.0440
52.95,0.0196
52.86,0.0073
52.84,0.0115
52.81,0.0082
52.79,0.0240
52.78,0.0337
52.73,0.0171
52.70,0.0018
52.65,0.0033
52.65,0.0012
52.61,0.0385
52.59,0.0043
52.56,0.0135
52.54,0.0036
52.53,0.0110
52.47,0.0050
52.44,0.0064
52.42,0.0045
52.40,0.0066
52.37,0.0089
52.35,0.0098
52.34,0.0073
52.29,0.0255
52.28,0.0080
52.24,0.0289
52.22,0.0218
52.19,0.0348
52.18,0.0122
52.14,0.0175
52.11,0.0078
52.08,0.0010
52.06,0.0283
52.06,0.0008
51.99,0.0365
51.96,0.0183
51.93,0.0019
51.91,0.0023
51.87,0.0157
51.85,0.0373
51.79,0.0206
51.76,0.0221
51.75,0.0108
51.72,0.0145
51.70,0.0079
51.66,0.0065
51.64,0.0454
51.58,0.0080
51.57,0.0109
51.53,0.0018
51.49,0.0195
51.48,0.0040
51.46,0.0058
51.43,0.0697
51.42,0.0237
51.36,0.0567
51.34,0.0096
51.33,0.0097
51.30,0.0033
51.27,0.0175
51.25,0.0360
51.21,0.0216
51.18,0.0065
51.16,0.0175
51.14,0.0027
51.13,0.0042
51.09,0.0038
51.06,0.0258
51.02,0.0125
51.00,0.0001
50.94,0.0062
50.93,0.0072
50.87,0.0200
50.83,0.0573
50.83,0.0043
50.77,0.0006
50.75,0.0287
50.72,0.0262
50.70,0.0144
50.66,0.0057
50.63,0.0040
50.62,0.0269
50.56,0.0090
50.52,0.0058
50.49,0.0081
50.45,0.0063
50.43,0.0047
50.42,0.0099
50.37,0.0481
50.36,0.0038
50.32,0.0049
50.30,0.0219
50.28,0.0058
50.26,0.0631
50.22,0.0166
50.19,0.0030
50.17,0.0067
50.14,0.0303
50.13,0.0157
50.12,0.0134
50.07,0.0077
50.05,0.0318
50.01,0.0022
49.98,0.0308
49.93,0.0247
49.91,0.0017
49.89,0.0059
49.85,0.0059
49.84,0.0267
49.81,0.0124
49.78,0.0514
49.74,0.0071
49.72,0.0034
49.70,0.0006
49.67,0.0153
49.62,0.0040
49.62,0.0018
49.59,0.0379
49.53,0.0076
49.51,0.0071
49.49,0.0143
49.47,0.0069
49.44,0.0018
49.39,0.0354
49.35,0.0298
49.34,0.0055
49.30,0.0458
49.29,0.0042
49.29,0.0160
49.22,0.0852
49.19,0.0167
49.16,0.0230
49.14,0.0079
49.10,0.0125
49.09,0.0279
49.02,0.0078
48.99,0.0065
48.97,0.0287
48.93,0.0195
48.90,0.0085
48.90,0.0096
48.85,0.0159
48.82,0.0262
48.80,0.0485
48.74,0.0011
48.74,0.0241
48.70,0.0145
48.67,0.0128
48.65,0.0196
48.61,0.0104
48.60,0.0407
48.58,0.0126
48.57,0.0126
48.53,0.0266
48.51,0.0037
48.49,0.0124
48.46,0.0141
48.43,0.0230
48.39,0.0106
48.37,0.0106
48.33,0.0057
48.30,0.0213
48.28,0.0204
48.25,0.0055
48.20,0.0272
48.19,0.0247
48.17,0.0084
48.10,0.0480
48.09,0.0204
48.07,0.0129
48.04,0.0087
48.03,0.0125
48.00,0.0048
47.97,0.0156
47.95,0.0026
47.93,0.0235
47.91,0.0030
47.89,0.0300
47.86,0.0251
47.85,0.0254
47.83,0.0019
47.79,0.0073
47.78,0.0101
47.76,0.0259
47.74,0.0200
47.71,0.0239
47.70,0.0037
47.68,0.0051
47.66,0.0060
47.60,0.0217
47.57,0.0110
47.55,0.0051
47.49,0.0455
47.47,0.0086
47.46,0.0056
47.45,0.0266
47.42,0.0043
47.41,0.0227
47.38,0.0024
47.35,0.0054
47.31,0.0173
47.29,0.0121
47.27,0.0192
47.24,0.0092
47.24,0.0531
47.19,0.0126
47.18,0.0016
47.17,0.0290
47.12,0.0208
47.10,0.0403
47.09,0.0080
47.06,0.0302
47.05,0.0126
47.02,0.0265
46.95,0.0047
46.93,0.0100
46.91,0.0154
46.90,0.0348
46.84,0.0202
46.82,0.0194
46.80,0.0031
46.75,0.0084
46.74,0.0192
46.70,0.0023
46.69,0.0014
46.67,0.0125
46.67,0.0138
46.64,0.0175
46.61,0.0150
46.58,0.0098
46.57,0.0470
46.55,0.0221
46.53,0.0071
46.50,0.0502
46.50,0.0185
46.47,0.0346
46.42,0.0093
46.42,0.0215
46.37,0.0323
46.34,0.0122
46.32,0.0012
46.32,0.0095
46.27,0.0215
46.24,0.0199
46.22,0.0143
46.21,0.0038
46.19,0.0014
46.18,0.0146
46.15,0.0180
46.10,0.0499
46.10,0.0066
46.08,0.0410
46.06,0.0003
46.03,0.0239
46.03,0.0100
46.00,0.0140
45.98,0.0117
45.95,0.0092
45.93,0.0095
45.86,0.0046
45.84,0.0096
45.82,0.0095
45.79,0.0026
45.72,0.0017
45.70,0.0169
45.68,0.0375
45.67,0.0150
45.64,0.0259
45.63,0.0097
45.60,0.0013
45.58,0.0051
45.57,0.0261
45.55,0.0168
45.51,0.0032
45.47,0.0072
45.43,0.0036
45.42,0.0023
45.38,0.0031
45.35,0.0030
45.31,0.0085
45.27,0.0121
45.25,0.0058
45.23,0.0025
45.21,0.0072
45.18,0.0051
45.17,0.0100
45.15,0.0330
45.12,0.0096
45.08,0.0109
45.07,0.0009
45.06,0.0094
45.02,0.0032
45.00,0.0063
45.00,0.0035
44.96,0.0055
44.93,0.0165
44.90,0.0024
44.87,0.0008
44.86,0.0071
44.84,0.0025
44.82,0.0290
44.80,0.0195
44.75,0.0005
44.73,0.0052
44.71,0.0660
44.68,0.0061
44.63,0.0043
44.61,0.0130
44.59,0.0163
44.56,0.0219
44.54,0.0040
44.52,0.0155
44.47,0.0036
44.43,0.0391
44.42,0.0254
44.39,0.0066
44.34,0.0041
44.32,0.0003
44.26,0.0162
44.25,0.0030
44.21,0.0179
44.20,0.0032
44.18,0.0108
44.10,0.0071
44.07,0.0044
44.04,0.0021
44.01,0.0059
44.00,0.0030
43.96,0.0235
43.94,0.0106
43.92,0.0200
43.90,0.0073
43.89,0.0022
43.88,0.0112
43.85,0.0160
43.83,0.0045
43.82,0.0112
43.78,0.0201
43.77,0.0169
43.74,0.0047
43.72,0.0028
43.70,0.0001
43.66,0.0163
43.64,0.0029
43.63,0.0086
43.59,0.0173
43.58,0.0037
43.56,0.0031
43.54,0.0032
43.51,0.0037
43.49,0.0178
43.48,0.0094
43.46,0.0257
43.44,0.0343
43.42,0.0109
43.40,0.0060
43.36,0.0208
43.35,0.0129
43.29,0.0081
43.27,0.0046
43.23,0.0212
43.21,0.0043
43.20,0.0023
43.16,0.0136
43.15,0.0029
43.13,0.0096
43.12,0.0381
43.10,0.0027
43.07,0.0063
43.06,0.0044
43.02,0.0009
42.98,0.0055
42.96,0.0046
42.96,0.0103
42.93,0.0413
42.91,0.0093
42.90,0.0065
42.86,0.0014
42.86,0.0031
42.84,0.0129
42.81,0.0078
42.79,0.0028
42.77,0.0107
42.74,0.0127
42.71,0.0050
42.67,0.0263
42.66,0.0071
42.63,0.0047
42.61,0.0147
42.59,0.0020
42.57,0.0028
42.56,0.0010
42.53,0.0307
42.53,0.0327
42.48,0.0019
42.46,0.0102
42.45,0.0074
42.41,0.0198
42.40,0.0053
42.38,0.0014
42.36,0.0107
42.34,0.0252
42.32,0.0028
42.30,0.0042
42.28,0.0028
42.26,0.0436
42.23,0.0036
42.21,0.0048
42.20,0.0015
42.15,0.0374
42.14,0.0050
42.11,0.0240
42.10,0.0069
42.05,0.0051
42.04,0.0070
42.03,0.0061
42.01,0.0132
41.99,0.0361
41.96,0.0024
41.95,0.0079
41.93,0.0129
41.88,0.0038
41.87,0.0187
41.86,0.0041
41.82,0.0071
41.81,0.0100
41.79,0.0024
41.76,0.0022
41.73,0.0059
41.72,0.0076
41.67,0.0021
41.66,0.0187
41.65,0.0062
41.61,0.0060
41.56,0.0029
41.55,0.0017
41.52,0.0032
41.51,0.0064
41.50,0.0103
41.46,0.0066
41.44,0.0017
41.43,0.0059
41.39,0.0038
41.38,0.0021
41.36,0.0022
41.35,0.0121
41.31,0.0064
41.29,0.0131
41.26,0.0146
41.23,0.0016
41.22,0.0019
41.17,0.0148
41.11,0.0122
41.09,0.0088
41.07,0.0092
41.03,0.0074
41.01,0.0040
41.00,0.0067
40.99,0.0095
40.97,0.0048
40.95,0.0004
40.94,0.0291
40.91,0.0024
40.88,0.0096
40.84,0.0035
40.84,0.0076
40.82,0.0140
40.78,0.0128
40.77,0.0029
40.74,0.0013
40.69,0.0074
40.68,0.0024
40.66,0.0086
40.64,0.0173
40.62,0.0048
40.57,0.0031
40.56,0.0022
40.54,0.0044
40.53,0.0107
40.51,0.0105
40.49,0.0135
40.44,0.0144
40.41,0.0008
40.39,0.0096
40.36,0.0043
40.34,0.0074
40.34,0.0115
40.28,0.0150
40.26,0.0190
40.23,0.0012
40.20,0.0046
40.14,0.0250
40.14,0.0182
40.13,0.0026
40.11,0.0014
40.09,0.0058
40.08,0.0048
40.05,0.0093
40.04,0.0011
40.02,0.0079
39.98,0.0037
39.97,0.0009
39.93,0.0063
39.91,0.0037
39.86,0.0057
39.85,0.0126
39.83,0.0032
39.76,0.0027
39.76,0.0011
39.74,0.0033
39.71,0.0040
39.69,0.0186
39.67,0.0086
39.65,0.0103
39.63,0.0059
39.60,0.0188
39.58,0.0016
39.53,0.0050
39.52,0.0037
39.51,0.0088
39.47,0.0153
39.45,0.0045
39.42,0.0056
39.40,0.0040
39.37,0.0046
39.34,0.0052
39.33,0.0120
39.32,0.0022
39.27,0.0032
39.25,0.0037
39.21,0.0070
39.21,0.0062
39.18,0.0236
39.15,0.0140
39.12,0.0011
39.10,0.0148
39.09,0.0012
39.07,0.0023
39.05,0.0074
39.02,0.0192
38.96,0.0231
38.95,0.0016
38.93,0.0086
38.92,0.0252
38.89,0.0142
38.87,0.0050
38.85,0.0081
38.84,0.0047
38.81,0.0007
38.78,0.0066
38.77,0.0107
38.74,0.0026
38.73,0.0050
38.71,0.0200
38.68,0.0147
38.67,0.0020
38.62,0.0079
38.62,0.0076
38.57,0.0025
38.55,0.0179
38.52,0.0102
38.50,0.0082
38.50,0.0068
38.48,0.0065
38.44,0.0090
38.41,0.0027
38.39,0.0041
38.35,0.0123
38.32,0.0075
38.28,0.0005
38.27,0.0062
38.23,0.0018
38.21,0.0009
38.20,0.0016
38.16,0.0191
38.15,0.0011
38.13,0.0025
38.13,0.0039
38.10,0.0021
38.09,0.0103
38.05,0.0049
38.04,0.0024
38.01,0.0111
37.97,0.0042
37.96,0.0075
37.93,0.0002
37.91,0.0049
37.88,0.0088
37.85,0.0101
37.79,0.0011
37.77,0.0072
37.71,0.0008
37.69,0.0002
37.69,0.0015
37.67,0.0050
37.62,0.0058
37.60,0.0030
37.58,0.0014
37.56,0.0105
37.53,0.0007
37.51,0.0051
37.47,0.0039
37.42,0.0009
37.39,0.0036
37.37,0.0026
37.36,0.0163
37.35,0.0033
37.34,0.0022
37.32,0.0025
37.31,0.0046
37.30,0.0038
37.21,0.0057
37.19,0.0094
37.17,0.0006
37.15,0.0054
37.13,0.0028
37.09,0.0041
37.07,0.0019
37.03,0.0099
37.00,0.0038
36.98,0.0018
36.97,0.0036
36.95,0.0021
36.92,0.0120
36.90,0.0009
36.88,0.0068
36.84,0.0026
36.82,0.0084
36.81,0.0017
36.78,0.0025
36.77,0.0014
36.72,0.0062
36.69,0.0027
36.67,0.0013
36.65,0.0138
36.62,0.0042
36.59,0.0063
36.59,0.0036
36.56,0.0010
36.55,0.0023
36.55,0.0036
36.52,0.0030
36.48,0.0054
36.47,0.0019
36.46,0.0071
36.45,0.0038
36.43,0.0104
36.40,0.0030
36.37,0.0117
36.35,0.0024
36.34,0.0093
36.31,0.0166
36.25,0.0006
36.23,0.0093
36.21,0.0147
36.21,0.0022
36.16,0.0018
36.15,0.0111
36.12,0.0072
36.12,0.0158
36.12,0.0080
36.07,0.0046
36.03,0.0023
36.00,0.0015
35.99,0.0035
35.97,0.0026
35.95,0.0009
35.93,0.0048
35.92,0.0133
35.90,0.0007
35.89,0.0043
35.86,0.0024
35.85,0.0052
35.82,0.0061
35.80,0.0036
35.77,0.0044
35.75,0.0057
35.69,0.0019
35.67,0.0008
35.64,0.0168
35.63,0.0071
35.62,0.0006
35.59,0.0030
35.56,0.0043
35.53,0.0028
35.51,0.0036
35.50,0.0023
35.47,0.0024
35.46,0.0028
35.45,0.0055
35.42,0.0003
35.41,0.0009
35.40,0.0018
35.38,0.0039
35.37,0.0007
35.36,0.0026
35.35,0.0022
35.32,0.0010
35.30,0.0091
35.30,0.0003
35.28,0.0016
35.24,0.0053
35.22,0.0091
35.21,0.0012
35.19,0.0055
35.17,0.0025
35.14,0.0105
35.12,0.0011
35.11,0.0014
35.08,0.0025
35.07,0.0008
35.04,0.0007
35.02,0.0017
35.01,0.0036
35.00,0.0092
34.98,0.0014
34.94,0.0018
34.92,0.0033
34.89,0.0068
34.88,0.0057
34.83,0.0086
34.81,0.0026
34.81,0.0031
34.78,0.0048
34.76,0.0016
34.73,0.0039
34.71,0.0034
34.71,0.0016
34.67,0.0009
34.66,0.0018
34.62,0.0046
34.58,0.0072
34.55,0.0009
34.53,0.0073
34.50,0.0007
34.49,0.0006
34.46,0.0023
34.44,0.0019
34.43,0.0170
34.42,0.0055
34.38,0.0026
34.34,0.0172
34.34,0.0017
34.32,0.0035
34.30,0.0013
34.29,0.0047
34.26,0.0043
34.25,0.0045
34.24,0.0035
34.23,0.0098
34.18,0.0044
34.17,0.0004
34.15,0.0021
34.14,0.0039
34.13,0.0022
34.12,0.0043
34.08,0.0016
34.07,0.0007
34.06,0.0026
34.04,0.0134
34.01,0.0008
34.00,0.0019
33.99,0.0030
33.96,0.0043
33.95,0.0024
33.93,0.0033
33.91,0.0075
33.90,0.0026
33.88,0.0080
33.86,0.0135
33.84,0.0058
33.82,0.0005
33.81,0.0022
33.78,0.0081
33.74,0.0091
33.74,0.0020
33.72,0.0012
33.70,0.0086
33.69,0.0045
33.68,0.0006
33.65,0.0033
33.63,0.0006
33.62,0.0003
33.59,0.0093
33.58,0.0029
33.56,0.0035
33.55,0.0038
33.54,0.0019
33.53,0.0016
33.50,0.0037
33.46,0.0013
33.44,0.0018
33.41,0.0042
33.39,0.0004
33.39,0.0005
33.37,0.0008
33.35,0.0081
33.33,0.0010
33.32,0.0024
33.31,0.0106
33.30,0.0040
33.29,0.0024
33.26,0.0138
33.22,0.0019
33.22,0.0014
33.21,0.0042
33.20,0.0024
33.19,0.0012
33.18,0.0005
33.16,0.0036
33.15,0.0057
33.14,0.0091
33.13,0.0062
33.11,0.0029
33.08,0.0043
33.07,0.0080
33.05,0.0031
33.02,0.0033
33.01,0.0006
32.99,0.0022
32.98,0.0001
32.97,0.0017
32.95,0.0090
32.92,0.0057
32.91,0.0036
32.90,0.0085
32.89,0.0017
32.88,0.0034
32.84,0.0005
32.83,0.0008
32.82,0.0011
32.80,0.0073
32.79,0.0060
32.77,0.0144
32.76,0.0110
32.76,0.0008
32.73,0.0062
32.73,0.0018
32.70,0.0037
32.68,0.0052
32.67,0.0009
32.66,0.0010
32.64,0.0002
32.63,0.0039
32.60,0.0028
32.60,0.0061
32.57,0.0029
32.56,0.0039
32.55,0.0007
32.53,0.0004
32.52,0.0121
32.48,0.0055
32.46,0.0038
32.45,0.0010
32.42,0.0039
32.40,0.0020
32.39,0.0025
32.38,0.0025
32.36,0.0035
32.35,0.0046
32.34,0.0128
32.29,0.0014
32.28,0.0095
32.27,0.0024
32.26,0.0130
32.24,0.0043
32.22,0.0045
32.22,0.0019
32.20,0.0125
32.19,0.0026
32.17,0.0041
32.15,0.0010
32.14,0.0041
32.12,0.0067
32.09,0.0069
32.09,0.0074
32.07,0.0084
32.06,0.0118
32.04,0.0066
32.01,0.0086
31.99,0.0103
31.99,0.0056
31.98,0.0044
31.97,0.0022
31.97,0.0182
31.95,0.0078
31.94,0.0006
31.91,0.0045
31.90,0.0034
31.88,0.0096
31.87,0.0020
31.85,0.0073
31.84,0.0048
31.83,0.0052
31.80,0.0031
31.80,0.0007
31.79,0.0006
31.77,0.0004
31.76,0.0003
31.75,0.0013
31.72,0.0112
31.69,0.0052
31.67,0.0018
31.65,0.0013
31.63,0.0001
31.63,0.0016
31.60,0.0025
31.59,0.0022
31.58,0.0052
31.54,0.0137
31.51,0.0003
31.50,0.0009
31.48,0.0220
31.46,0.0061
31.44,0.0020
31.42,0.0036
31.41,0.0019
31.38,0.0019
31.37,0.0044
31.31,0.0006
31.31,0.0030
31.29,0.0037
31.26,0.0110
31.23,0.0064
31.23,0.0065
31.22,0.0034
31.20,0.0007
31.18,0.0085
31.16,0.0101
31.12,0.0028
31.09,0.0008
31.08,0.0003
31.05,0.0002
31.03,0.0029
31.03,0.0129
31.00,0.0085
31.00,0.0004
30.95,0.0129
30.94,0.0097
30.92,0.0062
30.91,0.0009
30.89,0.0074
30.88,0.0057
30.87,0.0154
30.86,0.0047
30.84,0.0039
30.81,0.0186
30.80,0.0010
30.78,0.0148
30.77,0.0194
30.74,0.0057
30.72,0.0152
30.70,0.0086
30.69,0.0041
30.67,0.0127
30.66,0.0100
30.66,0.0083
30.65,0.0080
30.64,0.0023
30.62,0.0020
30.62,0.0029
30.60,0.0024
30.59,0.0054
30.54,0.0062
30.52,0.0012
30.51,0.0063
30.47,0.0079
30.46,0.0068
30.44,0.0035
30.43,0.0052
30.40,0.0021
30.38,0.0036
30.37,0.0025
30.35,0.0003
30.32,0.0030
30.28,0.0010
30.26,0.0105
30.23,0.0015
30.19,0.0022
30.19,0.0007
30.17,0.0014
30.15,0.0012
30.14,0.0111
30.13,0.0023
30.10,0.0074
30.09,0.0036
30.08,0.0015
30.06,0.0033
30.04,0.0002
30.01,0.0076
30.00,0.0056
29.98,0.0109
29.96,0.0082
29.96,0.0033
29.92,0.0061
29.91,0.0023
29.89,0.0132
29.86,0.0017
29.85,0.0048
29.82,0.0023
29.80,0.0017
29.79,0.0057
29.78,0.0032
29.77,0.0014
29.75,0.0154
29.74,0.0017
29.74,0.0001
29.71,0.0405
29.69,0.0033
29.68,0.0159
29.67,0.0069
29.65,0.0139
29.63,0.0024
29.61,0.0079
29.58,0.0029
29.56,0.0025
29.55,0.0012
29.53,0.0089
29.52,0.0061
29.51,0.0112
29.47,0.0001
29.44,0.0016
29.43,0.0048
29.40,0.0019
29.37,0.0066
29.35,0.0019
29.34,0.0008
29.29,0.0040
29.28,0.0133
29.26,0.0074
29.24,0.0231
29.21,0.0004
29.20,0.0006
29.19,0.0094
29.16,0.0028
29.14,0.0199
29.13,0.0031
29.09,0.0011
29.08,0.0027
29.05,0.0034
29.05,0.0057
29.04,0.0052
29.03,0.0081
29.01,0.0047
28.99,0.0095
28.97,0.0021
28.96,0.0136
28.95,0.0073
28.94,0.0030
28.92,0.0053
28.88,0.0160
28.88,0.0079
28.86,0.0061
28.85,0.0049
28.84,0.0132
28.81,0.0040
28.80,0.0023
28.79,0.0032
28.76,0.0006
28.74,0.0028
28.74,0.0020
28.71,0.0023
28.69,0.0113
28.68,0.0036
28.67,0.0211
28.65,0.0056
28.65,0.0024
28.64,0.0066
28.63,0.0041
28.62,0.0119
28.61,0.0038
28.59,0.0023
28.58,0.0070
28.55,0.0204
28.55,0.0191
28.54,0.0035
28.51,0.0047
28.50,0.0144
28.47,0.0164
28.46,0.0033
28.44,0.0223
28.42,0.0005
28.41,0.0069
28.40,0.0020
28.40,0.0092
28.39,0.0166
28.37,0.0073
28.35,0.0022
28.34,0.0021
28.33,0.0126
28.32,0.0087
28.29,0.0048
28.28,0.0002
28.26,0.0247
28.25,0.0373
28.21,0.0173
28.19,0.0123
28.17,0.0128
28.16,0.0007
28.15,0.0242
28.12,0.0096
28.10,0.0129
28.07,0.0035
28.03,0.0021
28.02,0.0055
27.99,0.0163
27.96,0.0240
27.94,0.0088
27.91,0.0018
27.90,0.0076
27.89,0.0060
27.88,0.0220
27.86,0.0040
27.84,0.0103
27.82,0.0054
27.81,0.0102
27.78,0.0051
27.78,0.0134
27.75,0.0076
27.74,0.0010
27.72,0.0025
27.70,0.0007
27.68,0.0005
27.67,0.0069
27.65,0.0015
27.65,0.0014
27.63,0.0081
27.62,0.0043
27.61,0.0075
27.59,0.0139
27.58,0.0096
27.55,0.0030
27.54,0.0086
27.53,0.0095
27.50,0.0073
27.49,0.0151
27.48,0.0008
27.47,0.0069
27.47,0.0101
27.45,0.0022
27.44,0.0039
27.41,0.0174
27.38,0.0025
27.35,0.0048
27.35,0.0391
27.34,0.0036
27.31,0.0010
27.30,0.0063
27.30,0.0206
27.28,0.0017
27.27,0.0018
27.23,0.0046
27.21,0.0025
27.20,0.0067
27.18,0.0008
27.15,0.0017
27.13,0.0087
27.12,0.0003
27.11,0.0009
27.09,0.0073
27.07,0.0038
27.07,0.0018
27.05,0.0045
27.05,0.0074
27.02,0.0031
27.01,0.0023
27.00,0.0154
26.99,0.0016
26.98,0.0058
26.95,0.0073
26.95,0.0012
26.92,0.0080
26.90,0.0068
26.88,0.0163
26.87,0.0043
26.86,0.0050
26.83,0.0016
26.81,0.0033
26.79,0.0010
26.76,0.0151
26.74,0.0074
26.73,0.0030
26.72,0.0075
26.70,0.0037
26.67,0.0024
26.63,0.0064
26.60,0.0011
26.58,0.0049
26.57,0.0017
26.55,0.0062
26.55,0.0056
26.54,0.0026
26.54,0.0184
26.51,0.0055
26.50,0.0049
26.46,0.0086
26.42,0.0078
26.40,0.0019
26.38,0.0036
26.36,0.0143
26.34,0.0035
26.33,0.0152
26.31,0.0041
26.31,0.0016
26.27,0.0100
26.26,0.0035
26.22,0.0079
26.21,0.0062
26.20,0.0056
26.19,0.0021
26.18,0.0015
26.17,0.0066
26.15,0.0093
26.10,0.0022
26.08,0.0067
26.08,0.0118
26.06,0.0056
26.04,0.0053
26.02,0.0013
26.01,0.0007
25.98,0.0119
25.97,0.0015
25.94,0.0170
25.94,0.0006
25.93,0.0006
25.91,0.0039
25.88,0.0033
25.84,0.0152
25.83,0.0004
25.80,0.0096
25.79,0.0269
25.77,0.0009
25.74,0.0081
25.72,0.0030
25.72,0.0011
25.71,0.0036
25.70,0.0006
25.67,0.0012
25.65,0.0347
25.64,0.0073
25.60,0.0020
25.57,0.0056
25.55,0.0421
25.52,0.0029
25.50,0.0007
25.48,0.0070
25.46,0.0018
25.45,0.0050
25.44,0.0092
25.43,0.0049
25.40,0.0129
25.32,0.0167
25.31,0.0055
25.28,0.0080
25.26,0.0088
25.23,0.0092
25.22,0.0232
25.20,0.0018
25.18,0.0059
25.18,0.0134
25.18,0.0048
25.15,0.0051
25.15,0.0027
25.12,0.0104
25.07,0.0182
25.06,0.0016
25.01,0.0170
25.00,0.0092
24.98,0.0051
24.97,0.0197
24.95,0.0068
24.94,0.0020
24.91,0.0093
24.89,0.0163
24.87,0.0177
24.84,0.0015
24.83,0.0044
24.82,0.0143
24.81,0.0014
24.79,0.0073
24.78,0.0038
24.77,0.0096
24.76,0.0025
24.74,0.0166
24.72,0.0090
24.71,0.0030
24.69,0.0030
24.68,0.0243
24.67,0.0172
24.65,0.0256
24.64,0.0070
24.62,0.0060
24.60,0.0053
24.56,0.0115
24.55,0.0021
24.51,0.0071
24.51,0.0024
24.47,0.0012
24.46,0.0065
24.45,0.0078
24.41,0.0106
24.39,0.0031
24.37,0.0113
24.36,0.0071
24.34,0.0049
24.34,0.0095
24.33,0.0046
24.32,0.0065
24.31,0.0030
24.29,0.0014
24.23,0.0047
24.22,0.0021
24.21,0.0092
24.21,0.0033
24.19,0.0022
24.17,0.0044
24.15,0.0023
24.13,0.0091
24.12,0.0123
24.10,0.0006
24.09,0.0022
24.07,0.0041
24.05,0.0011
24.04,0.0115
24.03,0.0230
24.02,0.0061
24.00,0.0256
23.99,0.0122
23.97,0.0199
23.95,0.0150
23.94,0.0162
23.89,0.0018
23.89,0.0026
23.87,0.0077
23.87,0.0155
23.85,0.0132
23.84,0.0158
23.80,0.0042
23.80,0.0157
23.80,0.0018
23.78,0.0146
23.74,0.0005
23.73,0.0111
23.70,0.0034
23.69,0.0090
23.68,0.0066
23.68,0.0061
23.64,0.0042
23.62,0.0034
23.60,0.0063
23.60,0.0026
23.59,0.0013
23.53,0.0059
23.51,0.0025
23.51,0.0180
23.49,0.0073
23.47,0.0045
23.44,0.0064
23.43,0.0037
23.42,0.0069
23.41,0.0127
23.40,0.0113
23.38,0.0026
23.35,0.0078
23.33,0.0089
23.32,0.0009
23.31,0.0255
23.29,0.0029
23.29,0.0042
23.28,0.0143
23.27,0.0108
23.24,0.0077
23.22,0.0142
23.21,0.0054
23.19,0.0022
23.19,0.0066
23.16,0.0272
23.15,0.0325
23.12,0.0266
23.11,0.0288
23.10,0.0014
23.09,0.0179
23.06,0.0029
23.06,0.0111
23.05,0.0188
23.04,0.0260
23.02,0.0045
23.01,0.0108
23.00,0.0118
22.98,0.0237
22.97,0.0182
22.96,0.0045
22.93,0.0087
22.91,0.0021
22.91,0.0139
22.88,0.0252
22.86,0.0116
22.85,0.0068
22.84,0.0223
22.82,0.0143
22.78,0.0393
22.78,0.0086
22.77,0.0040
22.74,0.0035
22.72,0.0058
22.70,0.0066
22.69,0.0055
22.67,0.0072
22.66,0.0079
22.64,0.0140
22.64,0.0176
22.62,0.0053
22.61,0.0158
22.59,0.0034
22.58,0.0096
22.57,0.0135
22.56,0.0140
22.55,0.0167
22.53,0.0118
22.52,0.0077
22.52,0.0046
22.49,0.0159
22.49,0.0252
22.48,0.0071
22.45,0.0031
22.45,0.0101
22.40,0.0034
22.40,0.0259
22.39,0.0037
22.38,0.0080
22.36,0.0007
22.35,0.0046
22.34,0.0023
22.31,0.0112
22.31,0.0035
22.29,0.0022
22.28,0.0017
22.28,0.0071
22.27,0.0030
22.26,0.0037
22.24,0.0050
22.23,0.0116
22.23,0.0095
22.20,0.0417
22.18,0.0055
22.16,0.0094
22.16,0.0059
22.15,0.0131
22.13,0.0089
22.12,0.0278
22.10,0.0059
22.07,0.0191
22.06,0.0050
22.05,0.0068
22.02,0.0215
22.00,0.0184
22.00,0.0110
21.98,0.0104
21.97,0.0020
21.96,0.0059
21.95,0.0039
21.94,0.0089
21.93,0.0388
21.92,0.0090
21.91,0.0031
21.89,0.0022
21.88,0.0124
21.86,0.0041
21.83,0.0115
21.82,0.0033
21.81,0.0164
21.80,0.0043
21.78,0.0047
21.77,0.0100
21.75,0.0458
21.73,0.0314
21.73,0.0027
21.69,0.0195
21.68,0.0085
21.67,0.0166
21.65,0.0151
21.62,0.0039
21.62,0.0054
21.58,0.0170
21.56,0.0093
21.55,0.0127
21.54,0.0270
21.53,0.0090
21.52,0.0152
21.51,0.0041
21.50,0.0027
21.48,0.0139
21.47,0.0168
21.46,0.0017
21.45,0.0015
21.44,0.0027
21.43,0.0029
21.40,0.0012
21.39,0.0109
21.38,0.0201
21.35,0.0190
21.31,0.0148
21.30,0.0012
21.28,0.0064
21.27,0.0129
21.26,0.0078
21.26,0.0001
21.24,0.0015
21.23,0.0025
21.21,0.0200
21.21,0.0102
21.19,0.0658
21.18,0.0043
21.17,0.0118
21.16,0.0098
21.14,0.0181
21.14,0.0014
21.12,0.0165
21.11,0.0051
21.10,0.0015
21.09,0.0056
21.08,0.0006
21.07,0.0030
21.06,0.0268
21.06,0.0247
21.03,0.0367
21.02,0.0051
21.02,0.0072
20.99,0.0195
20.99,0.0300
20.98,0.0169
20.95,0.0061
20.94,0.0357
20.92,0.0351
20.91,0.0259
20.88,0.0008
20.87,0.0024
20.86,0.0072
20.84,0.0140
20.83,0.0054
20.82,0.0100
20.81,0.0054
20.80,0.0062
20.79,0.0081
20.76,0.0021
20.75,0.0012
20.74,0.0073
20.74,0.0072
20.72,0.0104
20.70,0.0046
20.69,0.0017
20.67,0.0051
20.66,0.0100
20.65,0.0045
20.64,0.0029
20.64,0.0210
20.63,0.0086
20.62,0.0258
20.61,0.0136
20.60,0.0247
20.59,0.0051
20.57,0.0097
20.56,0.0124
20.55,0.0185
20.54,0.0096
20.53,0.0057
20.51,0.0043
20.51,0.0057
20.50,0.0014
20.49,0.0006
20.47,0.0134
20.45,0.0081
20.44,0.0002
20.44,0.0091
20.42,0.0127
20.41,0.0046
20.39,0.0082
20.38,0.0149
20.37,0.0042
20.36,0.0053
20.34,0.0317
20.33,0.0160
20.32,0.0003
20.32,0.0151
20.31,0.0283
20.30,0.0108
20.28,0.0085
20.27,0.0504
20.26,0.0061
20.26,0.0040
20.24,0.0357
20.24,0.0007
20.23,0.0017
20.22,0.0111
20.21,0.0034
20.18,0.0027
20.17,0.0099
20.17,0.0066
20.15,0.0333
20.13,0.0052
20.12,0.0070
20.11,0.0407
20.10,0.0095
20.08,0.0000
20.07,0.0124
20.06,0.0268
20.06,0.0068
20.05,0.0011
20.03,0.0037
20.03,0.0020
20.02,0.0045
20.02,0.0068
20.00,0.0009
20.00,0.0027
19.97,0.0001
19.96,0.0059
19.95,0.0285
19.94,0.0067
19.93,0.0034
19.93,0.0099
19.91,0.0021
19.91,0.0163
19.89,0.0080
19.87,0.0080
19.87,0.0047
19.86,0.0080
19.85,0.0080
19.85,0.0110
19.84,0.0039
19.83,0.0456
19.82,0.0021
19.81,0.0160
19.79,0.0157
19.78,0.0043
19.77,0.0010
19.76,0.0028
19.76,0.0130
19.74,0.0051
19.72,0.0062
19.70,0.0021
19.70,0.0051
19.68,0.0005
19.68,0.0042
19.67,0.0009
19.66,0.0075
19.65,0.0054
19.63,0.0077
19.62,0.0034
19.61,0.0202
19.60,0.0093
19.59,0.0091
19.57,0.0108
19.57,0.0210
19.55,0.0053
19.55,0.0034
19.55,0.0018
19.52,0.0312
19.50,0.0040
19.49,0.0128
19.49,0.0038
19.48,0.0095
19.47,0.0353
19.46,0.0028
19.45,0.0032
19.44,0.0044
19.43,0.0010
19.42,0.0064
19.40,0.0106
19.40,0.0036
19.38,0.0093
19.37,0.0163
19.35,0.0440
19.35,0.0389
19.34,0.0127
19.33,0.0197
19.32,0.0084
19.32,0.0036
19.31,0.0158
19.28,0.0083
19.28,0.0011
19.27,0.0039
19.26,0.0015
19.25,0.0177
19.24,0.0077
19.23,0.0095
19.22,0.0151
19.21,0.0005
19.19,0.0032
19.18,0.0020
19.18,0.0046
19.16,0.0001
19.15,0.0207
19.14,0.0003
19.14,0.0048
19.14,0.0021
19.12,0.0022
19.11,0.0046
19.09,0.0047
19.09,0.0033
19.08,0.0031
19.07,0.0057
19.07,0.0034
19.06,0.0030
19.04,0.0027
19.03,0.0084
19.02,0.0016
19.01,0.0018
19.00,0.0149
18.99,0.0032
18.99,0.0028
18.98,0.0109
18.95,0.0046
18.93,0.0002
18.93,0.0168
18.91,0.0019
18.89,0.0094
18.89,0.0006
18.88,0.0046
18.87,0.0036
18.87,0.0040
18.86,0.0071
18.85,0.0140
18.83,0.0043
18.83,0.0066
18.82,0.0019
18.81,0.0025
18.81,0.0230
18.80,0.0047
18.78,0.0079
18.77,0.0016
18.75,0.0014
18.74,0.0048
18.74,0.0029
18.73,0.0002
18.72,0.0058
18.71,0.0011
18.71,0.0032
18.70,0.0038
18.68,0.0112
18.67,0.0006
18.67,0.0075
18.66,0.0016
18.64,0.0051
18.63,0.0020
18.63,0.0024
18.62,0.0067
18.61,0.0019
18.60,0.0016
18.59,0.0059
18.59,0.0030
18.59,0.0096
18.58,0.0049
18.57,0.0021
18.56,0.0345
18.54,0.0085
18.53,0.0011
18.52,0.0062
18.51,0.0011
18.49,0.0037
18.48,0.0066
18.47,0.0002
18.45,0.0242
18.45,0.0090
18.43,0.0110
18.42,0.0096
18.42,0.0189
18.40,0.0054
18.39,0.0018
18.38,0.0094
18.37,0.0042
18.37,0.0017
18.35,0.0104
18.35,0.0003
18.34,0.0026
18.33,0.0018
18.33,0.0017
18.32,0.0032
18.31,0.0048
18.30,0.0048
18.28,0.0002
18.28,0.0032
18.27,0.0096
18.26,0.0022
18.25,0.0134
18.25,0.0131
18.24,0.0035
18.23,0.0130
18.22,0.0037
18.21,0.0023
18.20,0.0216
18.20,0.0049
18.19,0.0051
18.18,0.0044
18.17,0.0136
18.17,0.0070
18.16,0.0147
18.16,0.0027
18.15,0.0044
18.15,0.0139
18.13,0.0090
18.11,0.0090
18.11,0.0069
18.10,0.0037
18.09,0.0050
18.07,0.0011
18.06,0.0016
18.05,0.0067
18.05,0.0009
18.04,0.0034
18.03,0.0074
18.01,0.0021
18.00,0.0007
18.00,0.0011
17.99,0.0098
17.98,0.0051
17.98,0.0072
17.97,0.0114
17.95,0.0047
17.95,0.0047
17.93,0.0131
17.92,0.0029
17.92,0.0188
17.91,0.0032
17.91,0.0067
17.90,0.0112
17.89,0.0068
17.87,0.0058
17.86,0.0025
17.86,0.0062
17.84,0.0039
17.83,0.0032
17.82,0.0037
17.81,0.0011
17.80,0.0013
17.79,0.0093
17.78,0.0038
17.77,0.0096
17.77,0.0034
17.76,0.0008
17.75,0.0094
17.74,0.0219
17.74,0.0021
17.73,0.0017
17.72,0.0013
17.72,0.0018
17.71,0.0062
17.70,0.0049
17.70,0.0101
17.69,0.0082
17.68,0.0035
17.68,0.0033
17.67,0.0048
17.66,0.0018
17.65,0.0051
17.65,0.0007
17.64,0.0059
17.63,0.0033
17.62,0.0064
17.61,0.0011
17.60,0.0045
17.59,0.0114
17.58,0.0039
17.57,0.0032
17.57,0.0041
17.56,0.0052
17.55,0.0110
17.54,0.0016
17.54,0.0106
17.54,0.0060
17.54,0.0042
17.53,0.0090
17.51,0.0018
17.50,0.0053
17.50,0.0015
17.49,0.0036
17.48,0.0040
17.47,0.0131
17.47,0.0006
17.45,0.0005
17.44,0.0024
17.42,0.0105
17.41,0.0035
17.40,0.0033
17.39,0.0021
17.38,0.0058
17.37,0.0021
17.37,0.0011
17.35,0.0005
17.35,0.0008
17.33,0.0034
17.32,0.0036
17.31,0.0063
17.30,0.0059
17.30,0.0034
17.29,0.0001
17.29,0.0016
17.28,0.0024
17.28,0.0008
17.26,0.0024
17.25,0.0019
17.23,0.0005
17.22,0.0021
17.21,0.0021
17.20,0.0068
17.19,0.0015
17.18,0.0188
17.16,0.0021
17.15,0.0022
17.14,0.0057
17.14,0.0046
17.13,0.0055
17.13,0.0022
17.12,0.0011
17.11,0.0028
17.11,0.0029
17.10,0.0019
17.09,0.0094
17.08,0.0021
17.07,0.0055
17.06,0.0009
17.05,0.0051
17.04,0.0027
17.04,0.0047
17.04,0.0041
17.03,0.0069
17.02,0.0039
17.01,0.0022
17.00,0.0006
17.00,0.0069
17.00,0.0003
16.98,0.0005
16.98,0.0009
16.97,0.0037
16.94,0.0042
16.92,0.0005
16.91,0.0030
16.90,0.0004
16.90,0.0037
16.88,0.0018
16.88,0.0028
16.87,0.0019
16.87,0.0038
16.86,0.0004
16.85,0.0019
16.85,0.0074
16.84,0.0009
16.83,0.0074
16.82,0.0016
16.81,0.0019
16.80,0.0019
16.79,0.0031
16.78,0.0043
16.78,0.0006
16.77,0.0019
16.76,0.0039
16.75,0.0010
16.75,0.0004
16.74,0.0011
16.72,0.0010
16.72,0.0025
16.71,0.0059
16.70,0.0005
16.70,0.0017
16.70,0.0077
16.67,0.0005
16.66,0.0122
16.66,0.0018
16.65,0.0026
16.64,0.0010
16.64,0.0060
16.63,0.0046
16.62,0.0008
16.61,0.0078
16.61,0.0032
16.59,0.0043
16.58,0.0019
16.58,0.0034
16.56,0.0008
16.55,0.0034
16.54,0.0012
16.54,0.0042
16.53,0.0009
16.52,0.0014
16.52,0.0022
16.51,0.0032
16.50,0.0012
16.50,0.0002
16.50,0.0105
16.48,0.0047
16.48,0.0011
16.47,0.0028
16.46,0.0010
16.44,0.0087
16.44,0.0014
16.43,0.0018
16.41,0.0014
16.41,0.0052
16.41,0.0015
16.40,0.0025
16.39,0.0029
16.38,0.0067
16.38,0.0403
16.37,0.0022
16.36,0.0095
16.35,0.0103
16.35,0.0132
16.35,0.0066
16.34,0.0085
16.32,0.0006
16.31,0.0004
16.31,0.0045
16.31,0.0080
16.30,0.0188
16.28,0.0175
16.28,0.0328
16.26,0.0039
16.25,0.0023
16.24,0.0022
16.23,0.0160
16.21,0.0084
16.21,0.0030
16.19,0.0036
16.18,0.0155
16.17,0.0065
16.17,0.0061
16.16,0.0128
16.15,0.0048
16.15,0.0011
16.13,0.0093
16.13,0.0450
16.12,0.0312
16.11,0.0166
16.11,0.0152
16.10,0.0078
16.09,0.0050
16.08,0.0031
16.07,0.0036
16.06,0.0071
16.05,0.0056
16.05,0.0032
16.04,0.0056
16.04,0.0023
16.03,0.0131
16.02,0.0213
16.02,0.0445
16.00,0.0036
15.99,0.0005
15.99,0.0043
15.97,0.0034
15.96,0.0082
15.95,0.0058
15.94,0.0006
15.93,0.0045
15.93,0.0091
15.92,0.0014
15.91,0.0059
15.91,0.0042
15.91,0.0064
15.91,0.0036
15.90,0.0104
15.89,0.0012
15.88,0.0028
15.87,0.0025
15.86,0.0004
15.85,0.0094
15.85,0.0016
15.85,0.0014
15.84,0.0108
15.83,0.0015
15.82,0.0043
15.81,0.0017
15.79,0.0065
15.78,0.0038
15.77,0.0089
15.76,0.0002
15.75,0.0027
15.75,0.0055
15.73,0.0129
15.73,0.0515
15.72,0.0030
15.71,0.0152
15.71,0.0058
15.70,0.0103
15.70,0.0006
15.69,0.0055
15.67,0.0019
15.67,0.0046
15.67,0.0005
15.65,0.0025
15.64,0.0008
15.64,0.0047
15.63,0.0035
15.62,0.0106
15.61,0.0025
15.61,0.0070
15.60,0.0008
15.59,0.0003
15.59,0.0015
15.57,0.0005
15.56,0.0007
15.55,0.0016
15.54,0.0010
15.53,0.0002
15.53,0.0019
15.51,0.0015
15.51,0.0027
15.50,0.0083
15.49,0.0005
15.48,0.0025
15.48,0.0002
15.46,0.0065
15.46,0.0085
15.46,0.0019
15.45,0.0038
15.44,0.0046
15.43,0.0006
15.42,0.0002
15.42,0.0026
15.41,0.0008
15.40,0.0007
15.39,0.0038
15.39,0.0016
15.38,0.0022
15.38,0.0038
15.36,0.0022
15.35,0.0068
15.34,0.0003
15.34,0.0022
15.33,0.0034
15.32,0.0060
15.31,0.0049
15.31,0.0014
15.29,0.0007
15.29,0.0022
15.28,0.0002
15.28,0.0044
15.27,0.0029
15.25,0.0004
15.24,0.0006
15.24,0.0006
15.22,0.0011
15.22,0.0004
15.21,0.0048
15.19,0.0021
15.19,0.0098
15.16,0.0001
15.16,0.0000
15.16,0.0023
15.14,0.0016
15.13,0.0014
15.12,0.0006
15.11,0.0005
15.10,0.0002
15.09,0.0032
15.09,0.0080
15.08,0.0011
15.07,0.0001
15.05,0.0010
15.04,0.0007
15.03,0.0005
15.02,0.0001
15.02,0.0038
15.02,0.0012
15.01,0.0021
15.00,0.0002
15.00,0.0025
14.98,0.0033
14.98,0.0050
14.97,0.0029
14.96,0.0032
14.94,0.0007
14.91,0.0015
14.91,0.0016
14.90,0.0024
14.90,0.0020
14.89,0.0045
14.88,0.0002
14.88,0.0056
14.88,0.0017
14.86,0.0010
14.83,0.0067
14.81,0.0013
14.81,0.0011
14.80,0.0013
14.79,0.0001
14.79,0.0003
14.78,0.0032
14.77,0.0025
14.77,0.0005
14.77,0.0150
14.74,0.0019
14.73,0.0029
14.70,0.0032
14.70,0.0146
14.69,0.0007
14.68,0.0031
14.67,0.0034
14.67,0.0042
14.67,0.0025
14.65,0.0053
14.65,0.0203
14.65,0.0067
14.63,0.0046
14.61,0.0130
14.61,0.0003
14.60,0.0006
14.57,0.0059
14.56,0.0010
14.53,0.0017
14.52,0.0008
14.50,0.0009
14.49,0.0017
14.48,0.0057
14.47,0.0093
14.46,0.0052
14.46,0.0057
14.46,0.0051
14.43,0.0025
14.42,0.0003
14.41,0.0006
14.37,0.0245
14.35,0.0005
14.30,0.0027
14.30,0.0003
14.28,0.0002
14.27,0.0016
14.27,0.0002
14.26,0.0025
14.26,0.0009
14.24,0.0130
14.23,0.0124
14.22,0.0010
14.21,0.0091
14.20,0.0047
14.19,0.0016
14.19,0.0014
14.17,0.0078
14.16,0.0025
14.16,0.0018
14.16,0.0023
14.14,0.0065
14.11,0.0300
14.11,0.0027
14.10,0.0033
14.10,0.0032
14.09,0.0088
14.08,0.0008
14.07,0.0014
14.06,0.0194
14.04,0.0041
14.03,0.0006
14.01,0.0013
14.01,0.0010
14.00,0.0255
13.99,0.0311
13.97,0.0217
13.97,0.0070
13.97,0.0021
13.96,0.0173
13.96,0.0033
13.94,0.0072
13.94,0.0049
13.93,0.0072
13.93,0.0061
13.93,0.0118
13.91,0.0046
13.91,0.0181
13.89,0.0030
13.88,0.0014
13.88,0.0111
13.86,0.0138
13.86,0.0015
13.85,0.0015
13.85,0.0004
13.84,0.0032
13.83,0.0062
13.83,0.0002
13.81,0.0062
13.81,0.0106
13.80,0.0042
13.79,0.0370
13.79,0.0005
13.78,0.0010
13.77,0.0047
13.76,0.0009
13.76,0.0126
13.75,0.0020
13.75,0.0354
13.74,0.0099
13.73,0.0058
13.73,0.0063
13.71,0.0127
13.70,0.0146
13.68,0.0025
13.67,0.0028
13.66,0.0091
13.66,0.0011
13.66,0.0232
13.66,0.0056
13.64,0.0012
13.63,0.0128
13.63,0.0022
13.62,0.0323
13.62,0.0086
13.61,0.0006
13.60,0.0084
13.58,0.0052
13.58,0.0046
13.57,0.0105
13.56,0.0053
13.55,0.0045
13.54,0.0009
13.54,0.0051
13.53,0.0098
13.53,0.0008
13.50,0.0071
13.49,0.0266
13.48,0.0210
13.48,0.0118
13.47,0.0177
13.47,0.0029
13.47,0.0000
13.46,0.0120
13.45,0.0094
13.45,0.0082
13.44,0.0123
13.44,0.0150
13.42,0.0072
13.42,0.0002
13.41,0.0030
13.41,0.0213
13.40,0.0078
13.38,0.0021
13.36,0.0078
13.36,0.0164
13.35,0.0066
13.35,0.0071
13.35,0.0046
13.34,0.0097
13.34,0.0054
13.33,0.0223
13.33,0.0087
13.32,0.0050
13.32,0.0145
13.31,0.0223
13.30,0.0051
13.29,0.0063
13.29,0.0016
13.28,0.0092
13.28,0.0163
13.27,0.0106
13.26,0.0032
13.25,0.0216
13.24,0.0075
13.24,0.0003
13.23,0.0053
13.23,0.0003
13.22,0.0067
13.22,0.0042
13.21,0.0034
13.20,0.0033
13.19,0.0142
13.19,0.0024
13.18,0.0019
13.17,0.0048
13.17,0.0068
13.14,0.0107
13.13,0.0044
13.12,0.0078
13.11,0.0046
13.10,0.0099
13.10,0.0019
13.10,0.0075
13.09,0.0042
13.07,0.0083
13.07,0.0048
13.06,0.0043
13.06,0.0024
13.05,0.0062
13.04,0.0043
13.03,0.0113
13.03,0.0124
13.03,0.0053
13.02,0.0022
13.01,0.0130
13.01,0.0051
13.00,0.0027
12.99,0.0104
12.99,0.0051
12.98,0.0006
12.97,0.0021
12.95,0.0051
12.94,0.0086
12.92,0.0225
12.92,0.0110
12.91,0.0006
12.90,0.0005
12.90,0.0070
12.89,0.0216
12.88,0.0076
12.88,0.0096
12.87,0.0096
12.87,0.0029
12.87,0.0003
12.86,0.0007
12.85,0.0185
12.85,0.0081
12.84,0.0024
12.84,0.0014
12.83,0.0116
12.82,0.0252
12.81,0.0008
12.80,0.0019
12.78,0.0007
12.77,0.0039
12.76,0.0090
12.76,0.0015
12.75,0.0031
12.75,0.0017
12.74,0.0098
12.74,0.0031
12.73,0.0021
12.72,0.0005
12.71,0.0129
12.71,0.0043
12.70,0.0001
12.68,0.0003
12.66,0.0040
12.66,0.0045
12.66,0.0035
12.65,0.0030
12.64,0.0114
12.64,0.0102
12.63,0.0196
12.62,0.0046
12.61,0.0026
12.61,0.0061
12.61,0.0099
12.59,0.0068
12.58,0.0020
12.57,0.0044
12.56,0.0016
12.55,0.0097
12.55,0.0012
12.54,0.0034
12.53,0.0005
12.53,0.0037
12.53,0.0095
12.52,0.0006
12.51,0.0054
12.51,0.0067
12.48,0.0015
12.47,0.0013
12.47,0.0031
12.47,0.0014
12.46,0.0005
12.45,0.0246
12.43,0.0096
12.43,0.0013
12.42,0.0029
12.41,0.0104
12.40,0.0007
12.37,0.0020
12.36,0.0068
12.32,0.0001
12.32,0.0002
12.30,0.0099
12.29,0.0013
12.29,0.0104
12.29,0.0024
12.25,0.0039
12.24,0.0007
12.23,0.0005
12.21,0.0010
12.19,0.0004
12.17,0.0033
12.16,0.0007
12.14,0.0008
12.14,0.0143
12.13,0.0005
12.12,0.0004
12.12,0.0006
12.11,0.0022
12.08,0.0093
12.06,0.0019
12.04,0.0135
12.01,0.1385
11.97,0.0101
11.97,0.0147
11.96,0.0305
11.95,0.0015
11.94,0.0012
11.94,0.0023
11.92,0.0056
11.91,0.0017
11.90,0.0028
11.89,0.0020
11.88,0.0013
11.86,0.0017
11.82,0.0015
11.80,0.0031
11.80,0.0022
11.78,0.0031
11.78,0.0107
11.75,0.0474
11.73,0.0010
11.69,0.0099
11.69,0.0191
11.67,0.0005
11.65,0.0014
11.65,0.0033
11.63,0.0038
11.62,0.0026
11.61,0.0055
11.61,0.0035
11.60,0.0004
11.59,0.0066
11.58,0.0001
11.56,0.0034
11.55,0.0061
11.55,0.0059
11.54,0.0106
11.53,0.0005
11.50,0.0042
11.46,0.0003
11.46,0.0029
11.41,0.0041
11.40,0.0272
11.39,0.0079
11.39,0.0381
11.36,0.0012
11.36,0.0043
11.36,0.0035
11.35,0.0007
11.35,0.0004
11.32,0.0009
11.31,0.0080
11.29,0.0006
11.27,0.0002
11.25,0.0153
11.22,0.0006
11.22,0.0039
11.19,0.0182
11.15,0.0018
11.13,0.0003
11.11,0.0004
11.11,0.0000
11.09,0.0002
11.07,0.0006
11.06,0.0000
11.05,0.0064
11.02,0.0038
10.99,0.0434
10.99,0.0013
10.96,0.0025
10.95,0.0004
10.88,0.0008
10.84,0.0009
10.80,0.0006
10.80,0.0001
10.80,0.0001
10.79,0.0001
10.77,0.0795
10.73,0.0047
10.67,0.0004
10.64,0.0252
10.64,0.0063
10.63,0.0046
10.59,0.0005
10.57,0.0092
10.53,0.0005
10.51,0.0174
10.47,0.0016
10.46,0.0105
10.39,0.0086
10.37,0.0005
10.37,0.0024
10.35,0.0005
10.33,0.0005
10.29,0.0264
10.21,0.0226
10.16,0.0101
10.16,0.0063
10.10,0.0093
10.09,0.0046
10.05,0.0022
9.95,0.0001
9.82,0.0002
9.77,0.0007
9.50,0.0000
9.44,0.0002
9.29,0.0024
9.26,0.0001
